function [solventBackground] = loadMoarRookle07SolventBackgroundRamanData();

solventBackground = [
1682.56	4.86668
1681.63	4.81907
1680.69	4.77165
1679.75	4.85578
1678.82	4.79253
1677.88	4.82057
1676.94	5.05997
1676.01	4.59379
1675.07	4.91128
1674.13	4.79031
1673.19	4.88146
1672.26	5.01852
1671.32	4.8142
1670.38	4.93369
1669.44	5.07505
1668.5	4.97773
1667.56	4.87942
1666.63	4.79165
1665.69	5.1937
1664.75	4.83199
1663.81	4.85309
1662.87	4.97486
1661.93	4.99081
1660.99	5.01724
1660.05	4.91559
1659.11	5.12565
1658.18	4.9963
1657.24	4.967
1656.3	4.78765
1655.36	4.98842
1654.42	5.01763
1653.48	4.84296
1652.54	5.0107
1651.6	5.06398
1650.66	4.96909
1649.72	5.04546
1648.78	4.88563
1647.83	4.88308
1646.89	5.22428
1645.95	4.96352
1645.01	4.8715
1644.07	5.26376
1643.13	4.90545
1642.19	5.02336
1641.25	5.07216
1640.31	5.17808
1639.37	5.13568
1638.42	5.01031
1637.48	4.92524
1636.54	5.26636
1635.6	4.85599
1634.66	5.1345
1633.72	4.8949
1632.77	5.14523
1631.83	5.0954
1630.89	5.00333
1629.95	4.96225
1629	4.93287
1628.06	5.00488
1627.12	4.89656
1626.17	4.9606
1625.23	5.13282
1624.29	5.34439
1623.34	5.10028
1622.4	5.07576
1621.45	5.14406
1620.51	5.25563
1619.57	5.11016
1618.62	5.06566
1617.68	5.24791
1616.74	5.21806
1615.79	5.14902
1614.85	4.97954
1613.9	5.03272
1612.96	5.29178
1612.01	5.02448
1611.07	5.19388
1610.12	4.94797
1609.18	5.12219
1608.23	5.17759
1607.29	5.11143
1606.34	5.03353
1605.4	5.14387
1604.45	5.1834
1603.51	5.09289
1602.56	5.12972
1601.61	5.10577
1600.67	5.08394
1599.72	5.13244
1598.78	5.39281
1597.83	5.02615
1596.88	5.23568
1595.94	5.27006
1594.99	5.07531
1594.04	5.19499
1593.1	5.24873
1592.15	5.16739
1591.2	5.17
1590.25	5.27478
1589.31	5.44333
1588.36	5.18217
1587.41	5.24516
1586.47	5.31622
1585.52	4.85006
1584.57	5.43295
1583.62	5.37037
1582.67	5.00269
1581.73	5.40707
1580.78	4.95088
1579.83	5.26899
1578.88	5.12281
1577.93	5.33708
1576.98	5.09047
1576.03	5.18748
1575.08	5.24464
1574.13	5.04993
1573.19	5.27119
1572.24	5.1922
1571.29	5.23652
1570.34	5.25513
1569.39	5.30414
1568.44	5.29894
1567.49	5.25693
1566.54	5.27421
1565.59	5.10687
1564.64	5.28274
1563.69	5.17921
1562.74	5.48236
1561.78	5.06975
1560.84	5.31711
1559.88	5.16068
1558.93	5.25285
1557.98	5.21893
1557.03	5.15003
1556.08	5.33682
1555.13	5.49136
1554.18	5.49314
1553.23	5.36011
1552.27	5.27079
1551.32	5.20425
1550.37	5.16054
1549.42	5.14243
1548.47	5.16815
1547.51	5.41237
1546.56	5.22308
1545.61	5.11824
1544.66	5.29653
1543.7	5.43554
1542.75	5.16054
1541.8	5.18765
1540.84	5.34884
1539.89	5.21411
1538.94	5.44667
1537.99	5.31077
1537.03	5.50665
1536.08	5.46961
1535.12	5.51785
1534.17	5.29417
1533.22	5.35687
1532.26	5.3997
1531.31	5.46537
1530.35	5.38024
1529.4	5.33857
1528.45	5.33956
1527.49	5.16761
1526.54	5.26856
1525.58	5.52362
1524.63	5.35574
1523.67	5.33824
1522.72	5.49197
1521.76	5.44691
1520.81	5.42473
1519.85	5.56027
1518.9	5.58891
1517.94	5.48574
1516.98	5.42859
1516.03	5.45377
1515.07	5.33648
1514.12	5.44376
1513.16	5.30955
1512.2	5.42244
1511.25	5.49468
1510.29	5.34372
1509.33	5.57037
1508.38	5.64274
1507.42	5.51628
1506.46	5.74909
1505.51	5.35747
1504.55	5.29458
1503.59	5.73843
1502.63	5.55384
1501.68	5.59252
1500.72	5.3856
1499.76	5.67064
1498.8	5.69248
1497.84	5.65387
1496.88	5.79634
1495.93	5.58335
1494.97	5.47808
1494.01	5.41262
1493.05	5.50232
1492.09	5.58932
1491.13	5.40766
1490.17	5.58588
1489.22	5.52206
1488.26	5.71154
1487.3	5.3994
1486.34	5.5958
1485.38	5.57583
1484.42	5.74571
1483.46	5.67963
1482.5	5.81344
1481.54	5.76522
1480.58	5.67683
1479.62	5.59852
1478.66	5.45188
1477.7	5.65867
1476.74	5.79851
1475.78	5.69202
1474.82	5.78668
1473.86	5.75908
1472.89	5.55004
1471.93	5.62077
1470.97	5.67165
1470.01	5.40881
1469.05	5.74794
1468.09	5.76266
1467.13	5.69159
1466.16	5.80228
1465.2	5.59599
1464.24	5.57043
1463.28	5.70329
1462.32	5.77765
1461.35	5.69056
1460.39	5.66568
1459.43	5.71077
1458.47	5.77498
1457.5	5.68467
1456.54	5.91722
1455.58	5.8362
1454.61	5.92587
1453.65	5.86022
1452.69	5.95938
1451.72	5.7888
1450.76	5.7025
1449.8	5.68224
1448.83	5.67636
1447.87	5.76049
1446.91	5.86914
1445.94	5.86575
1444.98	5.69626
1444.01	5.82096
1443.05	5.77738
1442.08	5.93384
1441.12	5.65887
1440.15	5.78735
1439.19	5.6511
1438.23	5.87453
1437.26	5.9164
1436.29	5.8682
1435.33	5.69023
1434.36	5.75953
1433.4	5.94251
1432.43	5.76699
1431.47	5.81399
1430.5	5.63613
1429.53	5.91967
1428.57	5.77808
1427.6	5.66858
1426.63	5.80521
1425.67	5.95717
1424.7	5.97226
1423.74	5.8859
1422.77	5.77885
1421.8	5.88478
1420.83	5.65051
1419.87	6.02492
1418.9	5.88213
1417.93	5.75627
1416.96	5.88064
1416	5.88251
1415.03	5.92775
1414.06	5.72896
1413.09	5.9594
1412.13	5.83299
1411.16	5.79746
1410.19	5.99901
1409.22	5.69892
1408.25	5.93575
1407.28	5.81429
1406.31	5.97317
1405.35	5.95401
1404.38	5.71601
1403.41	6.10829
1402.44	5.81435
1401.47	5.88164
1400.5	5.76566
1399.53	5.8059
1398.56	5.81717
1397.59	5.60962
1396.62	5.85001
1395.65	5.95118
1394.68	5.94833
1393.71	6.10328
1392.74	5.9631
1391.77	5.80574
1390.8	5.75358
1389.83	5.69832
1388.86	5.83923
1387.89	5.81564
1386.91	5.75375
1385.94	5.64877
1384.97	5.95517
1384	6.11157
1383.03	5.77234
1382.06	6.03431
1381.09	5.9298
1380.11	5.87572
1379.14	6.12883
1378.17	6.04359
1377.2	6.27751
1376.22	6.03556
1375.25	5.9522
1374.28	6.18042
1373.31	6.07325
1372.34	5.9067
1371.36	6.2372
1370.39	5.88379
1369.41	6.1116
1368.44	6.00593
1367.47	6.26672
1366.5	5.96865
1365.52	5.73573
1364.55	6.21197
1363.57	6.16582
1362.6	5.8392
1361.63	6.01046
1360.65	5.94793
1359.68	6.04889
1358.7	5.91493
1357.73	6.00631
1356.75	6.21629
1355.78	5.9721
1354.8	5.90547
1353.83	5.792
1352.85	6.08854
1351.88	6.27094
1350.9	5.93774
1349.93	6.04049
1348.95	6.05656
1347.98	6.29594
1347	6.04688
1346.03	5.86944
1345.05	6.19728
1344.07	6.06869
1343.1	6.21172
1342.12	5.98715
1341.14	5.88867
1340.17	6.13084
1339.19	5.86365
1338.21	6.09698
1337.24	5.85383
1336.26	6.27753
1335.28	6.02516
1334.31	6.20991
1333.33	5.98353
1332.35	6.12057
1331.37	6.11989
1330.39	5.95827
1329.42	5.99297
1328.44	5.89196
1327.46	6.18094
1326.48	6.27588
1325.51	6.29932
1324.53	6.09281
1323.55	6.14146
1322.57	6.20999
1321.59	6.3704
1320.61	6.22801
1319.63	6.22947
1318.65	6.29907
1317.67	6.1765
1316.69	6.3572
1315.72	6.305
1314.74	5.97318
1313.76	6.10623
1312.78	6.22436
1311.8	6.22818
1310.82	6.40347
1309.84	6.37123
1308.86	6.40685
1307.87	6.29766
1306.89	6.2758
1305.91	6.09446
1304.93	6.28458
1303.95	6.10214
1302.97	6.15475
1301.99	6.23126
1301.01	6.43616
1300.03	6.29227
1299.05	6.19964
1298.07	6.221
1297.08	6.31373
1296.1	6.21887
1295.12	6.19864
1294.14	6.27313
1293.16	6.48431
1292.17	6.10744
1291.19	6.124
1290.21	6.28011
1289.22	6.49023
1288.24	6.16323
1287.26	6.29019
1286.28	6.32243
1285.29	6.29078
1284.31	6.32951
1283.33	6.3212
1282.34	6.61925
1281.36	6.34031
1280.38	6.31534
1279.39	6.38849
1278.41	6.41505
1277.42	6.14607
1276.44	6.298
1275.46	6.10058
1274.47	6.30168
1273.49	6.32469
1272.5	6.36925
1271.52	6.32014
1270.53	6.45778
1269.55	6.30971
1268.56	6.2332
1267.58	6.47307
1266.59	6.45576
1265.61	6.52821
1264.62	6.38865
1263.64	6.44617
1262.65	6.45736
1261.67	6.19422
1260.68	6.3281
1259.69	6.42465
1258.71	6.52212
1257.72	6.51031
1256.73	6.33225
1255.75	6.55215
1254.76	6.56258
1253.77	6.39443
1252.79	6.59878
1251.8	6.57473
1250.81	6.57358
1249.83	6.26801
1248.84	6.29004
1247.85	6.70322
1246.86	6.29485
1245.88	6.32461
1244.89	6.59114
1243.9	6.50913
1242.91	6.5528
1241.92	6.30737
1240.93	6.36939
1239.95	6.40998
1238.96	6.5226
1237.97	6.7528
1236.98	6.6901
1235.99	6.58611
1235	6.49009
1234.01	6.33929
1233.02	6.51403
1232.03	6.45554
1231.04	6.45723
1230.06	6.60582
1229.07	6.63303
1228.08	6.42462
1227.09	6.39921
1226.09	6.51166
1225.11	6.70405
1224.11	6.41271
1223.12	6.67854
1222.13	6.56974
1221.14	6.62705
1220.15	6.31046
1219.16	6.60099
1218.17	6.70271
1217.18	6.6174
1216.19	6.53243
1215.2	6.70323
1214.21	6.89605
1213.21	6.90865
1212.22	6.49077
1211.23	6.53535
1210.24	6.84563
1209.25	6.61898
1208.25	6.33999
1207.26	6.79608
1206.27	6.66555
1205.28	6.7957
1204.28	6.7607
1203.29	6.75578
1202.3	6.66842
1201.3	6.65309
1200.31	6.61486
