function data = loadDEMETFSIData();

data = [
1682.56	9.22553
1681.63	9.13087
1680.69	9.35327
1679.75	9.47932
1678.82	9.47951
1677.88	9.26056
1676.94	9.37895
1676.01	9.44162
1675.07	9.44151
1674.13	9.38986
1673.19	9.31722
1672.26	9.37782
1671.32	9.6497
1670.38	9.4846
1669.44	9.34318
1668.5	9.48746
1667.56	9.43922
1666.63	9.66848
1665.69	9.55725
1664.75	9.3234
1663.81	9.3869
1662.87	9.3757
1661.93	9.59934
1660.99	9.50299
1660.05	8.93743
1659.11	9.59199
1658.18	9.58864
1657.24	9.52896
1656.3	9.25471
1655.36	9.6557
1654.42	9.7565
1653.48	9.15019
1652.54	9.80726
1651.6	9.31601
1650.66	9.70359
1649.72	9.47093
1648.78	9.59984
1647.83	9.38065
1646.89	9.742
1645.95	9.43283
1645.01	9.44123
1644.07	9.68961
1643.13	9.59669
1642.19	9.83205
1641.25	9.62851
1640.31	9.71159
1639.37	9.41183
1638.42	9.41853
1637.48	9.872
1636.54	9.37197
1635.6	9.3467
1634.66	9.66746
1633.72	9.98302
1632.77	9.69018
1631.83	9.7198
1630.89	9.55764
1629.95	9.62505
1629	9.52258
1628.06	9.49424
1627.12	9.72868
1626.17	9.6635
1625.23	9.62135
1624.29	9.42244
1623.34	9.53624
1622.4	9.63753
1621.45	10.0738
1620.51	9.71756
1619.57	9.57618
1618.62	9.65911
1617.68	9.66044
1616.74	9.47378
1615.79	9.57162
1614.85	9.61713
1613.9	9.82986
1612.96	9.76943
1612.01	9.27925
1611.07	9.6183
1610.12	9.70316
1609.18	9.73001
1608.23	9.64914
1607.29	9.43155
1606.34	9.66009
1605.4	9.47329
1604.45	9.53146
1603.51	9.11584
1602.56	9.61823
1601.61	9.44247
1600.67	9.54842
1599.72	9.79441
1598.78	9.65142
1597.83	9.32511
1596.88	9.68067
1595.94	9.45196
1594.99	9.66015
1594.04	9.72724
1593.1	9.87618
1592.15	9.92739
1591.2	9.78223
1590.25	10.0135
1589.31	9.75085
1588.36	9.7005
1587.41	9.89088
1586.47	9.86074
1585.52	9.63574
1584.57	9.87809
1583.62	9.66666
1582.67	9.12509
1581.73	9.5911
1580.78	9.60171
1579.83	9.85259
1578.88	9.81694
1577.93	9.66676
1576.98	9.58207
1576.03	9.92667
1575.08	9.93497
1574.13	9.67371
1573.19	9.58205
1572.24	9.65791
1571.29	9.70359
1570.34	9.57032
1569.39	9.94792
1568.44	9.44871
1567.49	9.80866
1566.54	9.58362
1565.59	9.48418
1564.64	9.92124
1563.69	9.58475
1562.74	9.41676
1561.78	9.47356
1560.84	9.45502
1559.88	9.76461
1558.93	9.73386
1557.98	9.68616
1557.03	9.52432
1556.08	9.67973
1555.13	9.75041
1554.18	9.68868
1553.23	9.59633
1552.27	9.74233
1551.32	9.6095
1550.37	9.86765
1549.42	9.83113
1548.47	9.60108
1547.51	9.61238
1546.56	9.90436
1545.61	9.4991
1544.66	9.55112
1543.7	9.71875
1542.75	9.73317
1541.8	9.6996
1540.84	9.47508
1539.89	9.70525
1538.94	9.68541
1537.99	9.76567
1537.03	9.78472
1536.08	9.79698
1535.12	9.4309
1534.17	9.42407
1533.22	9.7258
1532.26	9.72385
1531.31	9.76743
1530.35	9.72835
1529.4	9.9082
1528.45	9.55847
1527.49	9.56558
1526.54	9.87579
1525.58	9.89833
1524.63	9.69344
1523.67	9.56896
1522.72	9.61095
1521.76	9.831
1520.81	9.85309
1519.85	9.9243
1518.9	9.69188
1517.94	9.32798
1516.98	9.96725
1516.03	9.75001
1515.07	9.53895
1514.12	9.46547
1513.16	9.53053
1512.2	9.64484
1511.25	9.81035
1510.29	9.75228
1509.33	9.44735
1508.38	9.72425
1507.42	10.1392
1506.46	9.73094
1505.51	10.02
1504.55	9.84882
1503.59	9.8181
1502.63	9.58485
1501.68	9.93231
1500.72	9.92202
1499.76	9.97944
1498.8	9.97858
1497.84	10.3915
1496.88	10.138
1495.93	10.3146
1494.97	10.5296
1494.01	10.4434
1493.05	10.6453
1492.09	10.2359
1491.13	10.4563
1490.17	10.2071
1489.22	10.5054
1488.26	10.8159
1487.3	10.7538
1486.34	11.0343
1485.38	11.2191
1484.42	11.1084
1483.46	10.9536
1482.5	10.8157
1481.54	11.2164
1480.58	10.7502
1479.62	11.1299
1478.66	11.532
1477.7	11.0703
1476.74	11.6869
1475.78	11.7215
1474.82	11.7985
1473.86	12.1705
1472.89	12.246
1471.93	11.8014
1470.97	12.1025
1470.01	12.0245
1469.05	12.3681
1468.09	12.3964
1467.13	12.4099
1466.16	12.7247
1465.2	12.4955
1464.24	12.5784
1463.28	12.6191
1462.32	13.2639
1461.35	13.1355
1460.39	13.1677
1459.43	13.3623
1458.47	13.4229
1457.5	13.4426
1456.54	13.6878
1455.58	13.6625
1454.61	13.35
1453.65	13.398
1452.69	13.5542
1451.72	13.0809
1450.76	13.2684
1449.8	13.2286
1448.83	13.0354
1447.87	12.8883
1446.91	12.8807
1445.94	12.3136
1444.98	12.2447
1444.01	11.8442
1443.05	11.9594
1442.08	11.5755
1441.12	11.0932
1440.15	11.1934
1439.19	10.8761
1438.23	10.6504
1437.26	10.9588
1436.29	10.5941
1435.33	10.5964
1434.36	10.4209
1433.4	10.4947
1432.43	10.3671
1431.47	10.6627
1430.5	10.1495
1429.53	10.4213
1428.57	10.6533
1427.6	10.366
1426.63	10.1874
1425.67	10.222
1424.7	10.074
1423.74	10.0354
1422.77	9.81953
1421.8	9.94324
1420.83	9.95029
1419.87	10.3188
1418.9	10.1029
1417.93	9.89359
1416.96	10.0038
1416	9.78165
1415.03	10.0749
1414.06	10.4429
1413.09	10.0903
1412.13	9.94773
1411.16	10.2361
1410.19	9.89271
1409.22	10.2897
1408.25	10.2916
1407.28	10.1637
1406.31	10.098
1405.35	10.1038
1404.38	10.6187
1403.41	10.1126
1402.44	10.0903
1401.47	10.1798
1400.5	10.039
1399.53	10.3467
1398.56	10.6197
1397.59	10.1153
1396.62	10.006
1395.65	10.2958
1394.68	10.223
1393.71	10.1721
1392.74	10.0289
1391.77	9.98496
1390.8	9.83092
1389.83	10.0118
1388.86	9.79265
1387.89	10.2682
1386.91	9.85386
1385.94	10.213
1384.97	9.94783
1384	9.96795
1383.03	10.028
1382.06	9.82276
1381.09	10.1621
1380.11	9.94352
1379.14	9.38548
1378.17	9.93684
1377.2	10.0621
1376.22	9.71136
1375.25	9.99606
1374.28	10.0886
1373.31	9.90303
1372.34	9.93503
1371.36	10.2517
1370.39	10.1319
1369.41	10.0648
1368.44	9.80513
1367.47	10.2546
1366.5	10.2287
1365.52	10.2424
1364.55	10.376
1363.57	10.1474
1362.6	10.2697
1361.63	10.2064
1360.65	10.7835
1359.68	10.5515
1358.7	10.8289
1357.73	10.6703
1356.75	10.8614
1355.78	10.7133
1354.8	11.0357
1353.83	10.9911
1352.85	11.0141
1351.88	10.8772
1350.9	10.7793
1349.93	11.0514
1348.95	11.1761
1347.98	10.9038
1347	11.1582
1346.03	10.6655
1345.05	10.9767
1344.07	10.6488
1343.1	11.0023
1342.12	11.0338
1341.14	11.0441
1340.17	10.6375
1339.19	10.769
1338.21	10.647
1337.24	10.8877
1336.26	11.5278
1335.28	11.7067
1334.31	11.5918
1333.33	11.4147
1332.35	11.5508
1331.37	11.5496
1330.39	11.3874
1329.42	11.3866
1328.44	11.6684
1327.46	11.5516
1326.48	11.1854
1325.51	11.4175
1324.53	10.981
1323.55	10.7765
1322.57	10.798
1321.59	10.9107
1320.61	10.7596
1319.63	10.8024
1318.65	10.965
1317.67	10.6749
1316.69	10.5255
1315.72	10.5859
1314.74	10.6681
1313.76	10.8194
1312.78	10.5443
1311.8	10.6437
1310.82	10.2688
1309.84	10.6421
1308.86	10.414
1307.87	10.4341
1306.89	10.4829
1305.91	10.1885
1304.93	10.4743
1303.95	10.3876
1302.97	10.4211
1301.99	10.3621
1301.01	9.78297
1300.03	10.3071
1299.05	10.4736
1298.07	10.2118
1297.08	10.1865
1296.1	10.3022
1295.12	10.0493
1294.14	10.0088
1293.16	9.98491
1292.17	10.3122
1291.19	10.1128
1290.21	9.95913
1289.22	10.0282
1288.24	9.63152
1287.26	9.76387
1286.28	9.68342
1285.29	9.78826
1284.31	9.49426
1283.33	9.92663
1282.34	9.68328
1281.36	9.4635
1280.38	9.80292
1279.39	9.88807
1278.41	9.71623
1277.42	9.6748
1276.44	9.6336
1275.46	9.45357
1274.47	9.5339
1273.49	10.1288
1272.5	9.62412
1271.52	9.83133
1270.53	9.73347
1269.55	10.0021
1268.56	9.85172
1267.58	10.0017
1266.59	10.0111
1265.61	10.2018
1264.62	9.99251
1263.64	9.94952
1262.65	10.1173
1261.67	9.96664
1260.68	9.86439
1259.69	9.96286
1258.71	10.086
1257.72	10.2205
1256.73	10.398
1255.75	10.2829
1254.76	10.1464
1253.77	10.1846
1252.79	10.177
1251.8	10.4545
1250.81	10.8011
1249.83	10.8645
1248.84	11.2571
1247.85	12.4056
1246.86	13.3824
1245.88	15.1931
1244.89	17.179
1243.9	18.146
1242.91	18.6287
1241.92	17.941
1240.93	17.1017
1239.95	16.2231
1238.96	14.3497
1237.97	13.459
1236.98	13.0072
1235.99	12.3548
1235	11.8129
1234.01	11.187
1233.02	10.8179
1232.03	10.8676
1231.04	10.7311
1230.06	10.7228
1229.07	10.2172
1228.08	10.5913
1227.09	10.1224
1226.09	10.0931
1225.11	10.3587
1224.11	10.1437
1223.12	10.0645
1222.13	10.2638
1221.14	10.5845
1220.15	10.4158
1219.16	10.2421
1218.17	10.5362
1217.18	10.5737
1216.19	10.3293
1215.2	10.7393
1214.21	10.3441
1213.21	10.2569
1212.22	10.3476
1211.23	10.3437
1210.24	9.95086
1209.25	10.4349
1208.25	10.7238
1207.26	10.3829
1206.27	10.3292
1205.28	10.4895
1204.28	10.4376
1203.29	10.5248
1202.3	10.0499
1201.3	10.074
1200.31	10.3342
1199.32	10.3732
1198.32	10.4613
1197.33	10.3022
