function data = loadDEMETFSIBackground();
data = [
1682.56	2.53914
1681.63	2.6209
1680.69	2.63918
1679.75	2.70235
1678.82	2.66017
1677.88	2.49485
1676.94	2.62526
1676.01	2.62502
1675.07	2.66733
1674.13	2.7131
1673.19	2.71664
1672.26	2.74317
1671.32	2.66272
1670.38	2.65824
1669.44	2.82419
1668.5	2.6165
1667.56	2.70605
1666.63	2.61943
1665.69	2.53299
1664.75	2.74593
1663.81	2.53297
1662.87	2.65751
1661.93	2.84582
1660.99	2.80625
1660.05	2.55355
1659.11	2.78614
1658.18	2.59382
1657.24	2.72865
1656.3	2.7358
1655.36	2.65478
1654.42	2.74469
1653.48	2.8072
1652.54	2.591
1651.6	2.82044
1650.66	2.64449
1649.72	2.84342
1648.78	2.8071
1647.83	2.65571
1646.89	2.76202
1645.95	2.6644
1645.01	2.78063
1644.07	2.68559
1643.13	2.84902
1642.19	2.64049
1641.25	2.64354
1640.31	2.5783
1639.37	2.75049
1638.42	2.88147
1637.48	2.77448
1636.54	2.70841
1635.6	2.75029
1634.66	2.70689
1633.72	2.70508
1632.77	2.85131
1631.83	2.71898
1630.89	2.65134
1629.95	2.80196
1629	2.80959
1628.06	2.83538
1627.12	2.70599
1626.17	2.66283
1625.23	2.79191
1624.29	2.70439
1623.34	2.82873
1622.4	2.76276
1621.45	2.70063
1620.51	2.81016
1619.57	2.66244
1618.62	2.59723
1617.68	2.65608
1616.74	2.82289
1615.79	2.73475
1614.85	2.5432
1613.9	2.76264
1612.96	2.61375
1612.01	2.86502
1611.07	2.58625
1610.12	2.69889
1609.18	2.82899
1608.23	2.65298
1607.29	2.60918
1606.34	2.80593
1605.4	2.78626
1604.45	2.87015
1603.51	2.54644
1602.56	2.6931
1601.61	2.69174
1600.67	2.45653
1599.72	2.60899
1598.78	2.71781
1597.83	2.67348
1596.88	2.71401
1595.94	2.79505
1594.99	2.58031
1594.04	2.75783
1593.1	2.78504
1592.15	2.65874
1591.2	2.55282
1590.25	2.95902
1589.31	2.82882
1588.36	2.69815
1587.41	2.76174
1586.47	2.65811
1585.52	2.81132
1584.57	2.64132
1583.62	2.83555
1582.67	2.70532
1581.73	2.61771
1580.78	2.76478
1579.83	2.78443
1578.88	2.7436
1577.93	2.87216
1576.98	2.65218
1576.03	2.86059
1575.08	2.66496
1574.13	2.81262
1573.19	2.79565
1572.24	2.71362
1571.29	2.69307
1570.34	2.71302
1569.39	2.87574
1568.44	2.8942
1567.49	2.67121
1566.54	2.65854
1565.59	2.83238
1564.64	2.79169
1563.69	2.90122
1562.74	2.81643
1561.78	2.77118
1560.84	2.93727
1559.88	2.8266
1558.93	2.72291
1557.98	2.92088
1557.03	2.71508
1556.08	2.76564
1555.13	2.85378
1554.18	2.81145
1553.23	2.7449
1552.27	2.91622
1551.32	2.89365
1550.37	2.74221
1549.42	2.98175
1548.47	2.74626
1547.51	2.87938
1546.56	2.75241
1545.61	2.79768
1544.66	2.86534
1543.7	2.67429
1542.75	2.8089
1541.8	2.89898
1540.84	2.70717
1539.89	2.65087
1538.94	2.85511
1537.99	2.83095
1537.03	2.96174
1536.08	2.92152
1535.12	2.87983
1534.17	2.83381
1533.22	2.76625
1532.26	2.83155
1531.31	2.67781
1530.35	2.85482
1529.4	2.81208
1528.45	2.74669
1527.49	2.92465
1526.54	2.88779
1525.58	2.76181
1524.63	2.87705
1523.67	2.70235
1522.72	2.63526
1521.76	2.78988
1520.81	2.85629
1519.85	2.7026
1518.9	2.7501
1517.94	2.68735
1516.98	2.80329
1516.03	2.84932
1515.07	2.84612
1514.12	2.9774
1513.16	3.06576
1512.2	2.71122
1511.25	2.95868
1510.29	2.71639
1509.33	3.03028
1508.38	3.05556
1507.42	2.85864
1506.46	2.84099
1505.51	2.80203
1504.55	2.89407
1503.59	2.77955
1502.63	3.00086
1501.68	2.81863
1500.72	2.68163
1499.76	2.74602
1498.8	2.8574
1497.84	3.03923
1496.88	2.90936
1495.93	2.95985
1494.97	2.87375
1494.01	2.76246
1493.05	2.94205
1492.09	2.94057
1491.13	2.84968
1490.17	3.02849
1489.22	2.89571
1488.26	2.90074
1487.3	2.85718
1486.34	2.85408
1485.38	2.99027
1484.42	2.90665
1483.46	2.63697
1482.5	3.08698
1481.54	2.91626
1480.58	2.99486
1479.62	3.0232
1478.66	2.91664
1477.7	3.07634
1476.74	3.10153
1475.78	2.81226
1474.82	2.79202
1473.86	3.03701
1472.89	2.65144
1471.93	2.88876
1470.97	2.92514
1470.01	2.88321
1469.05	2.90752
1468.09	2.74732
1467.13	2.96856
1466.16	2.84513
1465.2	2.83171
1464.24	3.03229
1463.28	2.73937
1462.32	2.94503
1461.35	2.94649
1460.39	2.73207
1459.43	3.03385
1458.47	2.58648
1457.5	2.83119
1456.54	2.92512
1455.58	2.77276
1454.61	2.77286
1453.65	2.99721
1452.69	2.75565
1451.72	2.84952
1450.76	2.8737
1449.8	2.89727
1448.83	2.98402
1447.87	2.77938
1446.91	2.77776
1445.94	3.02243
1444.98	2.78085
1444.01	2.83182
1443.05	2.92241
1442.08	2.94444
1441.12	2.98663
1440.15	2.93854
1439.19	2.84798
1438.23	2.87
1437.26	2.9582
1436.29	3.0013
1435.33	2.91232
1434.36	2.89097
1433.4	2.8255
1432.43	2.78252
1431.47	2.85087
1430.5	2.82929
1429.53	3.03861
1428.57	3.04703
1427.6	2.9585
1426.63	3.00425
1425.67	2.91089
1424.7	2.79457
1423.74	3.02188
1422.77	2.84428
1421.8	2.95366
1420.83	2.90404
1419.87	3.14735
1418.9	2.80636
1417.93	2.99056
1416.96	2.79387
1416	2.86237
1415.03	3.02022
1414.06	2.97725
1413.09	3.04742
1412.13	2.87128
1411.16	2.85344
1410.19	2.92027
1409.22	3.00776
1408.25	2.82117
1407.28	2.99729
1406.31	2.84008
1405.35	2.90934
1404.38	2.84671
1403.41	2.89578
1402.44	3.00898
1401.47	3.07655
1400.5	2.98458
1399.53	2.95943
1398.56	2.7733
1397.59	2.81608
1396.62	2.89113
1395.65	2.96428
1394.68	2.66883
1393.71	2.8482
1392.74	3.04931
1391.77	2.86898
1390.8	2.83148
1389.83	3.06483
1388.86	2.9537
1387.89	2.70336
1386.91	3.1034
1385.94	2.98255
1384.97	3.1806
1384	2.72878
1383.03	2.92012
1382.06	2.88104
1381.09	3.12333
1380.11	2.80226
1379.14	3.07572
1378.17	2.8973
1377.2	2.94612
1376.22	2.92702
1375.25	3.06697
1374.28	2.7721
1373.31	2.60606
1372.34	2.96467
1371.36	3.03922
1370.39	2.97597
1369.41	2.93084
1368.44	2.82097
1367.47	2.98524
1366.5	2.84764
1365.52	2.98167
1364.55	2.98083
1363.57	2.84401
1362.6	2.84008
1361.63	2.97121
1360.65	3.01937
1359.68	2.93348
1358.7	3.04846
1357.73	3.00316
1356.75	2.93737
1355.78	2.91767
1354.8	3.10094
1353.83	2.9188
1352.85	2.91885
1351.88	3.07846
1350.9	2.85468
1349.93	2.99737
1348.95	3.01685
1347.98	3.0111
1347	2.9664
1346.03	2.7406
1345.05	3.0186
1344.07	3.02289
1343.1	3.00271
1342.12	3.00505
1341.14	3.18492
1340.17	2.81378
1339.19	2.92042
1338.21	2.88924
1337.24	2.89275
1336.26	2.85342
1335.28	2.90949
1334.31	2.94396
1333.33	2.94574
1332.35	3.03727
1331.37	2.82987
1330.39	2.89862
1329.42	2.99649
1328.44	2.95754
1327.46	3.07889
1326.48	3.05689
1325.51	2.96439
1324.53	2.84949
1323.55	2.94327
1322.57	2.9428
1321.59	2.94196
1320.61	3.25344
1319.63	3.07974
1318.65	3.03288
1317.67	3.0766
1316.69	2.86423
1315.72	2.83841
1314.74	2.92849
1313.76	2.83255
1312.78	3.11218
1311.8	3.30001
1310.82	3.19009
1309.84	3.0806
1308.86	3.02869
1307.87	2.92807
1306.89	2.99844
1305.91	3.23332
1304.93	3.02591
1303.95	3.09765
1302.97	2.98412
1301.99	3.1273
1301.01	2.85532
1300.03	3.12265
1299.05	3.17027
1298.07	3.07529
1297.08	3.09819
1296.1	2.9569
1295.12	3.1228
1294.14	3.03084
1293.16	2.91324
1292.17	3.19466
1291.19	2.86256
1290.21	3.02289
1289.22	3.02253
1288.24	3.02303
1287.26	2.88691
1286.28	3.00844
1285.29	3.00455
1284.31	2.93033
1283.33	3.04354
1282.34	3.01726
1281.36	3.09971
1280.38	3.2048
1279.39	3.07681
1278.41	3.04364
1277.42	3.08472
1276.44	2.79911
1275.46	3.00372
1274.47	3.13921
1273.49	3.05732
1272.5	2.97388
1271.52	3.23029
1270.53	3.1821
1269.55	2.94453
1268.56	2.9882
1267.58	2.87432
1266.59	3.04075
1265.61	2.92483
1264.62	3.06562
1263.64	2.80268
1262.65	3.07715
1261.67	3.05054
1260.68	3.16405
1259.69	3.00283
1258.71	2.91166
1257.72	3.01014
1256.73	2.96751
1255.75	3.05456
1254.76	2.8624
1253.77	2.90656
1252.79	2.95086
1251.8	2.90403
1250.81	2.83384
1249.83	3.06436
1248.84	2.99415
1247.85	3.18868
1246.86	3.03085
1245.88	3.08062
1244.89	3.13196
1243.9	3.09067
1242.91	3.22959
1241.92	3.2004
1240.93	3.1497
1239.95	3.1001
1238.96	3.05165
1237.97	2.93398
1236.98	2.96043
1235.99	2.89602
1235	3.15166
1234.01	3.0065
1233.02	3.16396
1232.03	3.06522
1231.04	3.11248
1230.06	3.00053
1229.07	2.90922
1228.08	2.86315
1227.09	3.04835
1226.09	2.9535
1225.11	2.97958
1224.11	3.17138
1223.12	3.10576
1222.13	3.15628
1221.14	3.04423
1220.15	3.1435
1219.16	3.17129
1218.17	3.01034
1217.18	3.06143
1216.19	3.13651
1215.2	2.87956
1214.21	3.09378
1213.21	3.08885
1212.22	3.03373
1211.23	3.24417
1210.24	3.12876
1209.25	3.2506
1208.25	3.08751
1207.26	3.20926
1206.27	3.04914
1205.28	3.07819
1204.28	3.01266
1203.29	3.01047
1202.3	3.16868
1201.3	3.01984
1200.31	3.08379
1199.32	3.01766
1198.32	3.36087
1197.33	3.17355
