function [data] = loadMoarRookle07BackgroundData();

data = [1682.51	9.25
1681.57	10
1680.64	9.3
1679.7	9.65
1678.76	9.5
1677.83	9.4
1676.89	9.6
1675.95	9.85
1675.01	9.95
1674.08	9.3
1673.14	10
1672.2	9.1
1671.26	9.5
1670.33	9.5
1669.39	10.1
1668.45	9.6
1667.51	9.45
1666.57	9.5
1665.63	9.3
1664.7	9.8
1663.76	9.55
1662.82	9.8
1661.88	9.35
1660.94	9.7
1660	9.3
1659.06	9.7
1658.12	9.3
1657.18	10.2
1656.24	9.35
1655.3	9.5
1654.36	9.7
1653.42	9.7
1652.48	9.3
1651.54	9.6
1650.6	9.7
1649.66	9.85
1648.72	9.6
1647.78	9.75
1646.84	9.7
1645.9	9.8
1644.96	10.15
1644.02	10.1
1643.08	9.7
1642.14	9.85
1641.19	9.95
1640.25	10.1
1639.31	9.55
1638.37	9.8
1637.43	9.65
1636.49	9.6
1635.54	10.25
1634.6	9.65
1633.66	9.5
1632.72	9.75
1631.78	9.65
1630.83	9.9
1629.89	9.65
1628.95	10.3
1628	9.85
1627.06	9.25
1626.12	9.8
1625.18	9.6
1624.23	9.85
1623.29	9.65
1622.35	9.9
1621.4	9.7
1620.46	9.9
1619.51	9.5
1618.57	10.55
1617.63	9.45
1616.68	9.75
1615.74	9.8
1614.79	9.65
1613.85	10.2
1612.9	10.35
1611.96	9.7
1611.02	9.8
1610.07	10
1609.13	9.8
1608.18	9.9
1607.23	9.6
1606.29	10.2
1605.34	9.75
1604.4	9.15
1603.45	9.9
1602.51	9.8
1601.56	10
1600.61	9.9
1599.67	9.9
1598.72	10.45
1597.78	9.7
1596.83	10.55
1595.88	9.95
1594.94	10.15
1593.99	10
1593.04	9.9
1592.1	10.15
1591.15	9.55
1590.2	9.85
1589.25	10.2
1588.31	9.95
1587.36	9.95
1586.41	9.9
1585.46	10.05
1584.52	9.95
1583.57	10
1582.62	10
1581.67	9.9
1580.72	9.85
1579.77	10.15
1578.83	9.9
1577.88	10.4
1576.93	10.1
1575.98	9.8
1575.03	10.2
1574.08	10.1
1573.13	10.2
1572.18	9.95
1571.23	10.6
1570.28	10.4
1569.33	10
1568.38	9.8
1567.43	9.9
1566.48	9.95
1565.53	10.4
1564.58	10.2
1563.63	9.8
1562.68	9.7
1561.73	10.5
1560.78	10.35
1559.83	10.05
1558.88	10.25
1557.93	10.2
1556.98	9.85
1556.03	10.15
1555.07	10.2
1554.12	10.4
1553.17	10
1552.22	10.3
1551.27	10.35
1550.32	10
1549.36	10.15
1548.41	10.2
1547.46	10.05
1546.51	9.55
1545.55	10.1
1544.6	10.3
1543.65	10.15
1542.7	9.95
1541.74	10.05
1540.79	10.05
1539.84	10.35
1538.88	9.95
1537.93	10.05
1536.98	10.25
1536.02	10.6
1535.07	9.95
1534.12	9.5
1533.16	10.35
1532.21	9.8
1531.25	9.8
1530.3	9.9
1529.35	10.1
1528.39	9.45
1527.44	10
1526.48	9.9
1525.53	9.95
1524.57	10.15
1523.62	10.4
1522.66	10.5
1521.71	9.8
1520.75	9.75
1519.8	10.05
1518.84	10.2
1517.88	10.15
1516.93	9.7
1515.97	10.2
1515.02	10.35
1514.06	9.6
1513.1	9.95
1512.15	9.9
1511.19	10.15
1510.23	10.1
1509.28	10.4
1508.32	10.05
1507.36	10.1
1506.41	10.85
1505.45	10.15
1504.49	9.6
1503.53	10.3
1502.58	10.35
1501.62	9.9
1500.66	10.3
1499.71	9.85
1498.75	10.15
1497.79	10.25
1496.83	10.15
1495.87	9.75
1494.91	10.4
1493.96	10.1
1493	10.45
1492.04	10
1491.08	10.3
1490.12	10
1489.16	10.15
1488.2	9.9
1487.24	10.15
1486.28	9.85
1485.32	10.55
1484.36	10.3
1483.41	10.1
1482.45	10.25
1481.48	10.1
1480.52	10.25
1479.56	10.2
1478.6	10.5
1477.64	10.3
1476.68	9.55
1475.72	9.65
1474.76	9.85
1473.8	10.15
1472.84	9.8
1471.88	9.95
1470.92	10.45
1469.96	10.7
1469	10.5
1468.03	10.3
1467.07	9.4
1466.11	10.25
1465.15	10.55
1464.19	10.2
1463.22	10.35
1462.26	10.4
1461.3	10.7
1460.34	10.3
1459.37	10.8
1458.41	10.7
1457.45	10.7
1456.49	10.35
1455.52	10.2
1454.56	10.55
1453.6	10.25
1452.63	10.05
1451.67	10.35
1450.71	10.6
1449.74	10.3
1448.78	10.65
1447.82	10.9
1446.85	10.95
1445.89	10.7
1444.92	11.05
1443.96	10.55
1442.99	10.9
1442.03	10.3
1441.06	10.9
1440.1	10.55
1439.14	11
1438.17	10.25
1437.2	10.7
1436.24	10.35
1435.27	10.6
1434.31	10.6
1433.34	10.55
1432.38	10.7
1431.41	10.5
1430.44	10.7
1429.48	10.25
1428.51	10.7
1427.55	10.75
1426.58	10.25
1425.61	10.4
1424.65	10.55
1423.68	10.55
1422.71	10.55
1421.75	10.55
1420.78	10.15
1419.81	10.95
1418.84	10.4
1417.88	10.65
1416.91	10.35
1415.94	10.4
1414.97	10.45
1414.01	10.75
1413.04	10.7
1412.07	10.65
1411.1	10.3
1410.13	10.2
1409.16	10.95
1408.2	10.9
1407.23	10.95
1406.26	10.55
1405.29	10.3
1404.32	10.85
1403.35	10.5
1402.38	11
1401.41	10.35
1400.44	10.8
1399.47	10.6
1398.5	10.6
1397.53	11.2
1396.56	10.6
1395.59	10.5
1394.62	10.85
1393.65	10.65
1392.68	10.45
1391.71	11
1390.74	10.6
1389.77	10.5
1388.8	11.35
1387.83	10.45
1386.86	10.35
1385.89	11.2
1384.92	10.75
1383.95	10.45
1382.97	10.4
1382	11.1
1381.03	10.6
1380.06	10.15
1379.09	10.4
1378.11	10.3
1377.14	10.5
1376.17	10.8
1375.2	10.45
1374.22	10.7
1373.25	10.6
1372.28	10.4
1371.31	11.15
1370.33	10.75
1369.36	10.55
1368.39	10.6
1367.41	10.25
1366.44	10.7
1365.47	10.7
1364.49	10.9
1363.52	10.5
1362.54	10.85
1361.57	10.75
1360.6	10.6
1359.62	10.75
1358.65	10.45
1357.67	10.3
1356.7	10.8
1355.72	10.4
1354.75	10.85
1353.77	11
1352.8	10.75
1351.82	11.15
1350.85	10.7
1349.87	10.7
1348.9	10.65
1347.92	10.45
1346.95	10.85
1345.97	10.8
1344.99	10.65
1344.02	10.95
1343.04	10.75
1342.06	10.85
1341.09	11
1340.11	10.65
1339.14	10.85
1338.16	10.65
1337.18	11
1336.2	10.35
1335.23	10.05
1334.25	10.5
1333.27	10.85
1332.3	10.55
1331.32	11.2
1330.34	10.75
1329.36	10.65
1328.38	10.35
1327.41	10.3
1326.43	11.05
1325.45	10.7
1324.47	10.75
1323.49	10.65
1322.51	10.55
1321.54	10.5
1320.56	10.5
1319.58	10.4
1318.6	10.6
1317.62	10.75
1316.64	10.95
1315.66	10.45
1314.68	10.65
1313.7	10.95
1312.72	10.85
1311.74	10.7
1310.76	10.55
1309.78	10.8
1308.8	10.9
1307.82	10.85
1306.84	10.8
1305.86	10.9
1304.88	10.4
1303.9	10.25
1302.92	10.5
1301.93	11.05
1300.95	10.8
1299.97	10.6
1298.99	11.1
1298.01	11.05
1297.03	10.25
1296.05	10.95
1295.06	10.25
1294.08	10.7
1293.1	10.65
1292.12	10.7
1291.13	11.2
1290.15	10.5
1289.17	10.95
1288.19	11.05
1287.2	10.5
1286.22	10.6
1285.24	10.05
1284.25	10.75
1283.27	11
1282.29	10.45
1281.3	10.25
1280.32	11.05
1279.34	11.1
1278.35	11.05
1277.37	10.9
1276.39	11.1
1275.4	11.15
1274.42	10.85
1273.43	11.1
1272.45	10.8
1271.46	10.7
1270.48	10.95
1269.49	11.05
1268.51	11.2
1267.52	11
1266.54	10.8
1265.55	11.15
1264.57	10.65
1263.58	11
1262.6	10.95
1261.61	10.6
1260.62	11.25
1259.64	11.2
1258.65	10.9
1257.66	10.75
1256.68	11.15
1255.69	11.25
1254.71	11.5
1253.72	11.2
1252.73	10.95
1251.74	10.6
1250.76	10.85
1249.77	10.6
1248.78	10.8
1247.79	10.9
1246.81	11.05
1245.82	11.25
1244.83	11.1
1243.84	10.85
1242.85	10.8
1241.87	11.1
1240.88	11.55
1239.89	10.85
1238.9	11.05
1237.91	11.4
1236.92	10.5
1235.93	11.05
1234.95	11
1233.96	11.1
1232.97	10.85
1231.98	10.75
1230.99	11.25
1230	11.1
1229.01	10.8
1228.02	11.25
1227.03	10.8
1226.04	11.35
1225.05	11.3
1224.06	10.9
1223.07	11.3
1222.08	11.85
1221.09	11.3
1220.1	11.1
1219.1	11
1218.12	11.1
1217.12	11.25
1216.13	11.35
1215.14	11.55
1214.15	11.05
1213.16	10.85
1212.17	11.5
1211.17	11.4
1210.18	11
1209.19	11.55
1208.2	11.25
1207.2	10.75
1206.21	10.95
1205.22	11.25
1204.23	11
1203.23	11.05
1202.24	11.25
1201.25	11.55
1200.26	11.25
1199.26	11
1198.27	11.2
1197.28	11.3
1196.28	11
1195.29	11.45
1194.29	11
1193.3	11.75
1192.31	11.3
1191.31	11.7
1190.32	11.15
1189.32	10.9
1188.33	11.35
1187.33	11.4
1186.34	11.35
1185.34	11.35
1184.35	10.7
1183.35	10.95
1182.36	11.4
1181.36	10.95
1180.37	11.25
1179.37	11.55
1178.38	11.35
1177.38	10.85
1176.38	11.35
1175.39	11.4
1174.39	11.75
1173.4	11.15
1172.4	11.3
1171.4	10.9
1170.41	10.85
1169.41	11.1
1168.41	11.05
1167.42	11.3
1166.42	11.15
1165.42	11.15
1164.42	11.15
1163.42	11.25
1162.43	11.35
1161.43	11.25
1160.43	11.55
1159.43	11.5
1158.44	11
1157.44	11.55
1156.44	11.45
1155.44	11.05
1154.44	11.55
1153.44	11.6
1152.44	11
1151.45	11.3
1150.45	11.3
1149.45	11.35
1148.45	10.9
1147.45	11.45
1146.45	11.55
1145.45	11.55
1144.45	11.4
1143.45	11.1
1142.45	11.15
1141.45	11.3
1140.45	11.3
1139.45	11.35
1138.45	11.45
1137.45	11.55
1136.45	11.25
1135.45	11.55
1134.44	11.65
1133.44	10.75
1132.44	11.7
1131.44	11.2
1130.44	11.45
1129.44	12
1128.44	11.7
1127.44	11.95
1126.43	11.6
1125.43	11.45
1124.43	12.1
1123.43	11.45
1122.42	11.8
1121.42	11.7
1120.42	11.3
1119.42	11.7
1118.41	11.2
1117.41	11.9
1116.41	11.75
1115.4	11.65
1114.4	11.55
1113.4	11.45
1112.39	12
1111.39	11.8
1110.39	11.25
1109.38	11.7
1108.38	11.7
1107.37	11.7
1106.37	11.6
1105.36	11.7
1104.36	11.95
1103.35	11.75
1102.35	11.6
1101.34	11.7
1100.34	11.75
1099.33	11.95
1098.33	11.85
1097.32	11.9
1096.32	11.1
1095.31	12.25
1094.31	11.75
1093.3	11.3
