function [data] = loadMoarRookle07ARamanData()

%This is for the "thick flake" and was taken before solvent washing

data = [
1682.51	7.85
1681.57	7.75
1680.64	7.8
1679.7	8.25
1678.76	7.5
1677.83	8.15
1676.89	7.7
1675.95	7.9
1675.01	8.45
1674.08	7.5
1673.14	7.4
1672.2	7.65
1671.26	7.8
1670.33	8.4
1669.39	7.9
1668.45	8.1
1667.51	7.95
1666.57	8.3
1665.63	7.8
1664.7	7.6
1663.76	7.7
1662.82	8.1
1661.88	7.5
1660.94	7.7
1660	8
1659.06	7.55
1658.12	8.05
1657.18	7.7
1656.24	7.8
1655.3	7.95
1654.36	7.5
1653.42	8
1652.48	7.75
1651.54	7.75
1650.6	8
1649.66	7.6
1648.72	7.35
1647.78	7.75
1646.84	7.9
1645.9	8
1644.96	7.9
1644.02	8.1
1643.08	7.85
1642.14	7.75
1641.19	7.8
1640.25	7.55
1639.31	8.1
1638.37	8
1637.43	7.6
1636.49	8.15
1635.54	7.55
1634.6	8.15
1633.66	7.6
1632.72	7.9
1631.78	8.15
1630.83	7.75
1629.89	7.55
1628.95	8.05
1628	7.9
1627.06	7.9
1626.12	8.15
1625.18	7.6
1624.23	7.5
1623.29	8.15
1622.35	8.15
1621.4	7.7
1620.46	7.5
1619.51	7.6
1618.57	7.55
1617.63	7.8
1616.68	8.2
1615.74	7.3
1614.79	7.9
1613.85	8.1
1612.9	7.75
1611.96	7.7
1611.02	7.85
1610.07	7.85
1609.13	7.65
1608.18	7.75
1607.23	7.7
1606.29	7.5
1605.34	7.65
1604.4	7.65
1603.45	7.65
1602.51	7.85
1601.56	7.95
1600.61	8.05
1599.67	7.6
1598.72	8.2
1597.78	7.4
1596.83	7.4
1595.88	8.05
1594.94	7.9
1593.99	7.7
1593.04	7.65
1592.1	7.8
1591.15	7.95
1590.2	7.65
1589.25	7.8
1588.31	7.7
1587.36	7.85
1586.41	7.35
1585.46	7.9
1584.52	7.95
1583.57	7.7
1582.62	7.9
1581.67	7.8
1580.72	7.95
1579.77	7.4
1578.83	7.85
1577.88	7.95
1576.93	7.8
1575.98	8.15
1575.03	7.7
1574.08	7.85
1573.13	7.7
1572.18	7.35
1571.23	7.9
1570.28	8.05
1569.33	7.95
1568.38	7.45
1567.43	7.7
1566.48	8.15
1565.53	7.35
1564.58	7.65
1563.63	7.75
1562.68	7.85
1561.73	7.5
1560.78	8.45
1559.83	7.95
1558.88	7.6
1557.93	7.7
1556.98	8.1
1556.03	7.6
1555.07	8
1554.12	7.95
1553.17	8.05
1552.22	7.55
1551.27	7.5
1550.32	7.95
1549.36	8.15
1548.41	7.7
1547.46	7.7
1546.51	7.85
1545.55	7.2
1544.6	8
1543.65	7.9
1542.7	7.45
1541.74	7.3
1540.79	7.7
1539.84	7.4
1538.88	7.7
1537.93	8
1536.98	7.85
1536.02	7.55
1535.07	7.75
1534.12	7.75
1533.16	7.55
1532.21	7.75
1531.25	7.75
1530.3	7.65
1529.35	7.5
1528.39	7.65
1527.44	7.85
1526.48	7.45
1525.53	7.5
1524.57	7.8
1523.62	7.7
1522.66	7.75
1521.71	7.95
1520.75	6.9
1519.8	7.35
1518.84	7.3
1517.88	7.8
1516.93	7.45
1515.97	7.4
1515.02	7.45
1514.06	7.75
1513.1	7.45
1512.15	7.35
1511.19	7.15
1510.23	7.6
1509.28	7.05
1508.32	8.15
1507.36	7.45
1506.41	7.4
1505.45	7.1
1504.49	7.2
1503.53	7.35
1502.58	7.4
1501.62	7.7
1500.66	8.05
1499.71	7.6
1498.75	7.45
1497.79	7.45
1496.83	7.75
1495.87	7.8
1494.91	7.15
1493.96	7.65
1493	7.65
1492.04	7.7
1491.08	7.65
1490.12	7.65
1489.16	7.6
1488.2	7.7
1487.24	7.4
1486.28	7.65
1485.32	7
1484.36	7.25
1483.41	7.55
1482.45	7
1481.48	7.5
1480.52	7.7
1479.56	7.6
1478.6	7.1
1477.64	7.7
1476.68	7.35
1475.72	7.5
1474.76	7.45
1473.8	7.45
1472.84	7.25
1471.88	7.3
1470.92	7.35
1469.96	7.5
1469	7.45
1468.03	7.1
1467.07	7.7
1466.11	7.85
1465.15	7.7
1464.19	7.05
1463.22	7.35
1462.26	7.75
1461.3	7.6
1460.34	7.55
1459.37	7.1
1458.41	7.15
1457.45	7.25
1456.49	7.75
1455.52	6.85
1454.56	7.25
1453.6	7.45
1452.63	7.95
1451.67	7.4
1450.71	7.35
1449.74	7.1
1448.78	7.5
1447.82	7.6
1446.85	7.3
1445.89	7.15
1444.92	7.7
1443.96	7.85
1442.99	7.4
1442.03	7.95
1441.06	7.45
1440.1	7.2
1439.14	7.8
1438.17	7.1
1437.2	7.15
1436.24	7.6
1435.27	7.45
1434.31	7.45
1433.34	7.5
1432.38	7.15
1431.41	7.2
1430.44	7.3
1429.48	7.5
1428.51	7.9
1427.55	7.75
1426.58	7.4
1425.61	7.7
1424.65	7.15
1423.68	7.25
1422.71	7.3
1421.75	7.75
1420.78	7.7
1419.81	7.3
1418.84	7.75
1417.88	7.3
1416.91	7.55
1415.94	7.4
1414.97	7.25
1414.01	7.8
1413.04	7.55
1412.07	7
1411.1	7.1
1410.13	7.55
1409.16	7.5
1408.2	7.5
1407.23	7.2
1406.26	7.75
1405.29	7.7
1404.32	7.6
1403.35	7.8
1402.38	7.65
1401.41	7.4
1400.44	7.25
1399.47	7.5
1398.5	7.2
1397.53	7.3
1396.56	7.05
1395.59	7.6
1394.62	7.4
1393.65	7.55
1392.68	7.7
1391.71	7.05
1390.74	7.75
1389.77	7.25
1388.8	7.3
1387.83	7.15
1386.86	7.25
1385.89	7.25
1384.92	7.15
1383.95	7.3
1382.97	7.2
1382	7.4
1381.03	7.5
1380.06	7.25
1379.09	7.25
1378.11	7.4
1377.14	7.25
1376.17	7.35
1375.2	6.6
1374.22	7.4
1373.25	7.15
1372.28	7.55
1371.31	7.2
1370.33	7.45
1369.36	7.45
1368.39	7.35
1367.41	7.85
1366.44	7.7
1365.47	7.55
1364.49	7.7
1363.52	7.45
1362.54	7.15
1361.57	7.35
1360.6	7.35
1359.62	7.75
1358.65	7.3
1357.67	7.2
1356.7	7.4
1355.72	6.9
1354.75	7.45
1353.77	7.6
1352.8	6.8
1351.82	7.25
1350.85	7.2
1349.87	7.55
1348.9	6.95
1347.92	7.45
1346.95	7.1
1345.97	7.3
1344.99	7
1344.02	7.3
1343.04	6.8
1342.06	7.25
1341.09	7.45
1340.11	7.4
1339.14	7.2
1338.16	6.85
1337.18	7.45
1336.2	7.4
1335.23	7.5
1334.25	7.05
1333.27	7.2
1332.3	7.2
1331.32	7.25
1330.34	7.4
1329.36	7.6
1328.38	7.4
1327.41	7.65
1326.43	7.05
1325.45	7.3
1324.47	7.35
1323.49	7.05
1322.51	7.5
1321.54	7.6
1320.56	7.1
1319.58	7.5
1318.6	7.3
1317.62	7.7
1316.64	7.2
1315.66	7.2
1314.68	7.05
1313.7	7.45
1312.72	7.1
1311.74	7.5
1310.76	7.65
1309.78	7.05
1308.8	7.7
1307.82	7.25
1306.84	7.55
1305.86	7.4
1304.88	7.3
1303.9	7.1
1302.92	7.15
1301.93	7.45
1300.95	7
1299.97	7
1298.99	7.4
1298.01	6.9
1297.03	7.35
1296.05	7.05
1295.06	7.05
1294.08	6.75
1293.1	7.15
1292.12	7.35
1291.13	7.05
1290.15	7.6
1289.17	7.3
1288.19	7.45
1287.2	8
1286.22	7.35
1285.24	7.05
1284.25	7
1283.27	7.1
1282.29	7.2
1281.3	7.1
1280.32	7.1
1279.34	7.15
1278.35	7.25
1277.37	7.4
1276.39	7
1275.4	7.35
1274.42	7.2
1273.43	7.1
1272.45	7
1271.46	6.6
1270.48	7.4
1269.49	7.4
1268.51	6.95
1267.52	7.6
1266.54	7.2
1265.55	7.45
1264.57	7.4
1263.58	7.15
1262.6	7.35
1261.61	6.85
1260.62	7.55
1259.64	7.25
1258.65	7.05
1257.66	7.2
1256.68	7.2
1255.69	7.45
1254.71	7.25
1253.72	7.2
1252.73	7.15
1251.74	7.7
1250.76	6.9
1249.77	7.05
1248.78	7.1
1247.79	7.15
1246.81	7.2
1245.82	7.35
1244.83	7.15
1243.84	7.25
1242.85	7.5
1241.87	6.9
1240.88	7.45
1239.89	7.55
1238.9	7.1
1237.91	7.2
1236.92	7.2
1235.93	7.15
1234.95	7.1
1233.96	7.15
1232.97	6.9
1231.98	7.3
1230.99	7.25
1230	7.45
1229.01	8.1
1228.02	7.5
1227.03	7.3
1226.04	7.5
1225.05	7.25
1224.06	7.3
1223.07	7.5
1222.08	7.25
1221.09	6.85
1220.1	7.45
1219.1	7.2
1218.12	7.6
1217.12	7.7
1216.13	7.75
1215.14	7.95
1214.15	7.55
1213.16	7.75
1212.17	7.25
1211.17	7.6
1210.18	7.2
1209.19	7.2
1208.2	7.45
1207.2	7.25
1206.21	7.4
1205.22	7.55
1204.23	7.35
1203.23	7.6
1202.24	6.9
1201.25	7.45
1200.26	7.6
1199.26	7.55
1198.27	7.45
1197.28	7.35
1196.28	7.75
1195.29	7.25
1194.29	7.2
1193.3	7.6
1192.31	7.4
1191.31	7.65
1190.32	7.1
1189.32	7.75
1188.33	6.75
1187.33	7.4
1186.34	6.8
1185.34	7.5
1184.35	7.1
1183.35	7.35
1182.36	7.5
1181.36	7.15
1180.37	7.6
1179.37	7.15
1178.38	7.15
1177.38	7.35
1176.38	7.25
1175.39	7.2
1174.39	7.3
1173.4	7.15
1172.4	7.35
1171.4	6.8
1170.41	7.35
1169.41	7.55
1168.41	6.6
1167.42	7.6
1166.42	6.8
1165.42	7.05
1164.42	7.05
1163.42	7.2
1162.43	7.15
1161.43	7.6
1160.43	6.85
1159.43	7.45
1158.44	7.5
1157.44	6.85
1156.44	7.35
1155.44	7.05
1154.44	7.65
1153.44	7.1
1152.44	7
1151.45	7.1
1150.45	7.1
1149.45	7.05
1148.45	7.5
1147.45	7.65
1146.45	7.65
1145.45	7.1
1144.45	7.2
1143.45	7.25
1142.45	7.4
1141.45	7.15
1140.45	6.85
1139.45	7
1138.45	7.2
1137.45	7.55
1136.45	7.35
1135.45	7.4
1134.44	7.15
1133.44	7.65
1132.44	7.2
1131.44	7.2
1130.44	7.5
1129.44	7.4
1128.44	7.2
1127.44	7
1126.43	7.6
1125.43	7.15
1124.43	7
1123.43	7.45
1122.42	7.55
1121.42	7.4
1120.42	7.15
1119.42	7.7
1118.41	7
1117.41	6.8
1116.41	7.35
1115.4	7.25
1114.4	7.3
1113.4	7.55
1112.39	7.35
1111.39	7.2
1110.39	7.4
1109.38	7.4
1108.38	7.15
1107.37	7.5
1106.37	7.5
1105.36	6.95
1104.36	7.65
1103.35	7.15
1102.35	7.05
1101.34	7.05
1100.34	7.3
1099.33	7.25
1098.33	7.35
1097.32	7.85
1096.32	7.2
1095.31	7.05
1094.31	7.3
1093.3	7.5
1092.3	7.3
1091.29	7.35
1090.28	6.9
1089.28	7
1088.27	7.5
1087.26	6.95
1086.26	7.05
1085.25	7
1084.24	7.25
1083.23	7.05
1082.23	6.85
1081.22	7.35
1080.21	6.85
1079.2	7.5
1078.2	7.1
1077.19	7.5
1076.18	7.3
1075.17	7.05
1074.17	7.2
1073.16	7.2
1072.15	7.15
1071.14	7.05
1070.13	7.25
1069.12	7.35
1068.11	7.45
1067.1	7.3
1066.1	7.15
1065.09	7.2
1064.08	7
1063.07	7.5
1062.06	7.5
1061.05	7.45
1060.04	7
