function [moarRookle07ARamanData] = loadMoarRookle07ASolventRamanData()

%This is a "thick flake" after solvent washing, 5 second exposure 20
%accumulations

moarRookle07ARamanData = [
1683.5	4.06986
1682.56	4.04146
1681.63	3.99476
1680.69	3.94822
1679.75	3.96907
1678.82	3.84247
1677.88	4.03828
1676.94	4.1496
1676.01	4.04338
1675.07	4.10684
1674.13	3.83649
1673.19	3.99006
1672.26	4.10413
1671.32	4.21775
1670.38	4.14685
1669.44	4.07702
1668.5	4.12683
1667.56	4.2828
1666.63	3.9398
1665.69	4.12941
1664.75	4.06568
1663.81	4.08681
1662.87	3.91185
1661.93	4.09883
1660.99	4.08182
1660.05	3.91544
1659.11	4.06224
1658.18	4.06082
1657.24	4.02902
1656.3	4.31744
1655.36	4.0464
1654.42	4.03126
1653.48	4.22151
1652.54	4.0471
1651.6	3.95289
1650.66	4.0947
1649.72	3.99789
1648.78	3.92136
1647.83	4.1549
1646.89	4.17514
1645.95	4.12552
1645.01	4.07395
1644.07	3.78131
1643.13	4.11287
1642.19	4.0144
1641.25	3.97606
1640.31	3.9319
1639.37	3.95383
1638.42	4.06416
1637.48	3.87137
1636.54	4.01963
1635.6	4.03949
1634.66	4.12478
1633.72	4.03615
1632.77	4.11618
1631.83	3.87508
1630.89	4.1053
1629.95	3.97835
1629	4.11787
1628.06	3.93087
1627.12	4.01603
1626.17	3.88687
1625.23	3.67243
1624.29	3.77756
1623.34	3.9645
1622.4	4.00493
1621.45	4.07238
1620.51	4.1616
1619.57	3.99365
1618.62	4.05683
1617.68	3.89845
1616.74	4.02048
1615.79	3.9953
1614.85	3.80411
1613.9	4.39024
1612.96	4.04917
1612.01	3.84854
1611.07	4.01831
1610.12	3.94124
1609.18	3.79342
1608.23	4.06505
1607.29	3.97793
1606.34	4.2196
1605.4	3.9222
1604.45	3.96252
1603.51	3.89456
1602.56	3.97553
1601.61	3.88807
1600.67	3.99453
1599.72	3.87072
1598.78	4.06601
1597.83	3.99953
1596.88	3.88936
1595.94	4.09656
1594.99	3.7745
1594.04	3.76263
1593.1	3.9419
1592.15	4.11676
1591.2	4.11883
1590.25	3.94536
1589.31	3.87891
1588.36	3.87592
1587.41	4.08909
1586.47	3.87999
1585.52	4.05602
1584.57	3.82239
1583.62	3.69481
1582.67	3.99357
1581.73	4.16258
1580.78	4.13645
1579.83	3.76968
1578.88	3.92249
1577.93	4.0939
1576.98	3.97827
1576.03	3.75719
1575.08	3.94414
1574.13	3.81408
1573.19	3.88404
1572.24	3.91017
1571.29	4.10372
1570.34	3.86658
1569.39	3.96212
1568.44	3.76672
1567.49	3.91064
1566.54	4.05214
1565.59	3.92671
1564.64	3.80099
1563.69	4.0617
1562.74	3.9129
1561.78	3.90972
1560.84	3.85919
1559.88	3.83304
1558.93	3.79492
1557.98	4.05916
1557.03	3.92178
1556.08	4.04042
1555.13	4.25905
1554.18	4.10904
1553.23	3.7175
1552.27	4.23392
1551.32	3.8222
1550.37	4.05934
1549.42	4.0837
1548.47	3.71934
1547.51	3.91856
1546.56	4.09611
1545.61	3.77361
1544.66	3.71191
1543.7	3.82662
1542.75	3.87585
1541.8	3.83625
1540.84	3.84243
1539.89	4.03108
1538.94	3.84342
1537.99	3.99405
1537.03	4.16838
1536.08	3.88804
1535.12	4.00099
1534.17	3.93219
1533.22	4.19329
1532.26	3.8193
1531.31	4.01672
1530.35	3.75519
1529.4	3.93252
1528.45	3.69155
1527.49	3.98016
1526.54	3.87978
1525.58	4.04329
1524.63	4.09426
1523.67	3.92062
1522.72	3.87538
1521.76	3.83055
1520.81	3.89695
1519.85	3.87668
1518.9	3.74812
1517.94	4.01992
1516.98	3.87121
1516.03	3.98459
1515.07	3.91342
1514.12	4.02171
1513.16	3.93218
1512.2	3.80015
1511.25	3.8485
1510.29	3.78513
1509.33	4.03295
1508.38	4.0369
1507.42	3.9753
1506.46	4.00423
1505.51	3.90042
1504.55	3.83633
1503.59	3.85551
1502.63	3.87425
1501.68	3.87002
1500.72	3.88836
1499.76	3.97391
1498.8	3.95125
1497.84	3.86609
1496.88	4.05072
1495.93	3.81192
1494.97	3.92895
1494.01	3.88541
1493.05	3.95268
1492.09	3.92824
1491.13	4.06135
1490.17	3.88095
1489.22	3.97319
1488.26	4.00257
1487.3	4.00455
1486.34	3.95527
1485.38	3.93456
1484.42	3.853
1483.46	3.94419
1482.5	3.94322
1481.54	3.88087
1480.58	3.88885
1479.62	3.87418
1478.66	3.90381
1477.7	3.77245
1476.74	3.8432
1475.78	3.82468
1474.82	3.89532
1473.86	3.82439
1472.89	3.97715
1471.93	4.03083
1470.97	3.729
1470.01	3.84427
1469.05	3.82451
1468.09	4.02046
1467.13	3.6828
1466.16	3.85325
1465.2	3.77561
1464.24	3.99813
1463.28	3.79471
1462.32	3.84427
1461.35	3.82369
1460.39	3.98613
1459.43	3.79231
1458.47	3.79053
1457.5	3.90124
1456.54	3.92993
1455.58	4.06969
1454.61	3.91331
1453.65	3.8919
1452.69	3.58459
1451.72	3.94895
1450.76	3.88399
1449.8	4.02024
1448.83	3.83659
1447.87	3.9001
1446.91	3.98743
1445.94	3.80602
1444.98	3.81245
1444.01	3.84318
1443.05	3.77665
1442.08	3.70865
1441.12	3.68276
1440.15	3.99282
1439.19	3.9468
1438.23	3.90141
1437.26	3.8098
1436.29	3.9868
1435.33	3.89803
1434.36	3.8098
1433.4	4.014
1432.43	3.7923
1431.47	4.04061
1430.5	3.8173
1429.53	3.84891
1428.57	3.90472
1427.6	3.72636
1426.63	4.06591
1425.67	3.65554
1424.7	3.87633
1423.74	3.85628
1422.77	3.83752
1421.8	3.7879
1420.83	3.89457
1419.87	3.88922
1418.9	3.95135
1417.93	3.68761
1416.96	3.71764
1416	4.03437
1415.03	3.74147
1414.06	3.8569
1413.09	3.97293
1412.13	3.66257
1411.16	3.78194
1410.19	3.96161
1409.22	3.79928
1408.25	3.92707
1407.28	3.89873
1406.31	3.85439
1405.35	3.94678
1404.38	3.84079
1403.41	4.04957
1402.44	3.75557
1401.47	3.70996
1400.5	3.70811
1399.53	3.86307
1398.56	3.87811
1397.59	3.76228
1396.62	3.95271
1395.65	3.75626
1394.68	3.70922
1393.71	3.91062
1392.74	3.77211
1391.77	3.81778
1390.8	3.78286
1389.83	4.01834
1388.86	3.95341
1387.89	4.0664
1386.91	3.85094
1385.94	3.93154
1384.97	3.81221
1384	4.01424
1383.03	3.66713
1382.06	3.92457
1381.09	3.87021
1380.11	3.95481
1379.14	3.77681
1378.17	3.87062
1377.2	3.60334
1376.22	3.83462
1375.25	3.88483
1374.28	3.95365
1373.31	3.78445
1372.34	4.11885
1371.36	3.765
1370.39	3.99825
1369.41	3.74875
1368.44	4.00395
1367.47	3.80561
1366.5	3.94113
1365.52	3.86934
1364.55	3.95928
1363.57	3.93611
1362.6	3.86251
1361.63	3.78773
1360.65	3.70043
1359.68	3.70665
1358.7	4.00395
1357.73	3.68569
1356.75	3.66602
1355.78	3.85223
1354.8	4.03579
1353.83	4.15017
1352.85	3.62576
1351.88	3.92219
1350.9	3.83669
1349.93	3.93547
1348.95	3.90819
1347.98	3.92356
1347	3.76504
1346.03	3.88251
1345.05	3.81899
1344.07	3.91602
1343.1	3.85081
1342.12	3.83086
1341.14	3.64318
1340.17	3.93472
1339.19	3.69615
1338.21	3.73099
1337.24	3.78108
1336.26	3.67521
1335.28	3.87168
1334.31	4.00194
1333.33	3.91231
1332.35	3.8196
1331.37	4.07226
1330.39	3.63477
1329.42	3.64188
1328.44	3.81245
1327.46	3.77338
1326.48	3.86743
1325.51	4.00656
1324.53	3.79932
1323.55	3.96298
1322.57	3.80014
1321.59	3.79907
1320.61	3.78793
1319.63	4.05965
1318.65	3.91942
1317.67	3.89236
1316.69	3.77241
1315.72	3.9319
1314.74	4.0441
1313.76	3.80769
1312.78	3.71604
1311.8	3.83452
1310.82	3.72566
1309.84	3.87408
1308.86	3.75092
1307.87	3.64846
1306.89	3.99791
1305.91	3.88464
1304.93	3.8173
1303.95	3.81966
1302.97	3.80009
1301.99	3.78076
1301.01	3.90851
1300.03	3.85049
1299.05	4.13309
1298.07	4.10821
1297.08	4.01356
1296.1	3.82519
1295.12	4.03851
1294.14	3.6652
1293.16	3.97047
1292.17	3.8054
1291.19	3.75417
1290.21	3.77275
1289.22	3.98318
1288.24	3.72606
1287.26	3.89616
1286.28	3.78406
1285.29	3.87305
1284.31	4.17279
1283.33	4.12049
1282.34	3.76572
1281.36	3.87463
1280.38	3.81748
1279.39	3.87537
1278.41	4.05038
1277.42	4.04285
1276.44	3.84878
1275.46	4.02825
1274.47	3.92983
1273.49	3.82749
1272.5	3.98078
1271.52	3.86231
1270.53	4.04781
1269.55	3.8793
1268.56	3.73525
1267.58	3.59875
1266.59	3.85942
1265.61	3.95437
1264.62	4.04849
1263.64	3.85369
1262.65	3.89307
1261.67	3.77242
1260.68	3.862
1259.69	3.8641
1258.71	3.70363
1257.72	3.73351
1256.73	3.94889
1255.75	3.94062
1254.76	3.88635
1253.77	3.79015
1252.79	3.62468
1251.8	3.78686
1250.81	3.90234
1249.83	3.78402
1248.84	3.85294
1247.85	3.77056
1246.86	3.80022
1245.88	3.73409
1244.89	3.83314
1243.9	3.8165
1242.91	3.81466
1241.92	3.8545
1240.93	3.96629
1239.95	3.91591
1238.96	3.91356
1237.97	3.88868
1236.98	3.7763
1235.99	3.7368
1235	3.89872
1234.01	3.729
1233.02	4.1178
1232.03	4.15662
1231.04	3.87898
1230.06	4.14027
1229.07	3.84017
1228.08	3.93392
1227.09	3.81625
1226.09	3.97676
1225.11	4.39953
1224.11	4.03418
1223.12	4.01647
1222.13	3.95119
1221.14	4.14483
1220.15	4.03494
1219.16	4.13443
1218.17	4.16274
1217.18	4.16826
1216.19	3.93832
1215.2	3.84728
1214.21	4.01483
1213.21	4.07917
1212.22	4.13904
1211.23	4.13749
1210.24	4.06974
1209.25	3.91015
1208.25	4.05382
1207.26	4.10596
1206.27	4.08915
