function [Bulk001Data] = loadBulk001Data()

Bulk001Data = [
    1682.58	13.2
1681.65	12.75
1680.71	12.45
1679.77	13.2
1678.84	12.65
1677.9	12.8
1676.96	12.8
1676.02	12.75
1675.09	13.4
1674.15	12.5
1673.21	13.05
1672.27	13.4
1671.34	12.8
1670.4	13.15
1669.46	13
1668.52	12.65
1667.58	12.85
1666.65	12.9
1665.71	12.85
1664.77	12.45
1663.83	12.55
1662.89	12.95
1661.95	12.65
1661.01	13.3
1660.07	13.1
1659.13	13
1658.2	12.75
1657.25	13
1656.32	12.6
1655.38	12.15
1654.44	13.2
1653.5	13.05
1652.56	13.25
1651.62	12.85
1650.68	13.2
1649.74	12.9
1648.8	13.25
1647.85	12.9
1646.91	13.25
1645.97	12.9
1645.03	12.8
1644.09	12.85
1643.15	12.55
1642.21	13.15
1641.27	13.4
1640.33	12.35
1639.38	12.85
1638.44	12.7
1637.5	12.35
1636.56	12.9
1635.62	12.95
1634.67	13.1
1633.73	13.05
1632.79	13.2
1631.85	12.7
1630.91	12.9
1629.96	12.3
1629.02	12.55
1628.08	12.9
1627.14	12.4
1626.19	12.6
1625.25	12.6
1624.31	12.85
1623.36	12.9
1622.42	12.95
1621.47	13.15
1620.53	13.2
1619.59	13.1
1618.64	12.65
1617.7	12.85
1616.76	12.6
1615.81	12.6
1614.87	13.1
1613.92	12.85
1612.98	12.9
1612.03	13.1
1611.09	13.2
1610.14	12.9
1609.2	12.4
1608.25	12.85
1607.31	12.8
1606.36	12.9
1605.42	12.85
1604.47	12.7
1603.53	12.55
1602.58	12.8
1601.63	12.3
1600.69	13
1599.74	13.4
1598.8	13.1
1597.85	12.45
1596.9	13
1595.96	13.15
1595.01	12.9
1594.06	12.8
1593.12	12.65
1592.17	13.1
1591.22	12.75
1590.27	11.95
1589.33	12.35
1588.38	12.95
1587.43	12.7
1586.48	12.8
1585.54	12.95
1584.59	13.15
1583.64	12.55
1582.69	12.95
1581.74	12.95
1580.8	12.55
1579.85	12.4
1578.9	13.05
1577.95	12.6
1577	13.05
1576.05	13.15
1575.1	12.65
1574.15	12.95
1573.2	13.15
1572.26	13.15
1571.31	12.7
1570.36	13
1569.41	13.15
1568.46	12.75
1567.51	12.7
1566.56	13.35
1565.61	12.75
1564.66	13.25
1563.71	12.8
1562.75	12.6
1561.8	12.95
1560.86	12.7
1559.9	12.85
1558.95	12.2
1558	12.7
1557.05	12.5
1556.1	12.95
1555.15	12.5
1554.2	12.6
1553.25	13.1
1552.29	12.45
1551.34	12.25
1550.39	12.75
1549.44	12.5
1548.49	12.55
1547.53	12.25
1546.58	12.75
1545.63	11.65
1544.68	12
1543.72	12.35
1542.77	12.25
1541.82	12.6
1540.86	12
1539.91	11.85
1538.96	12.2
1538	12.1
1537.05	11.9
1536.1	11.75
1535.14	11.95
1534.19	11.95
1533.24	12.35
1532.28	11.6
1531.33	12.2
1530.37	12.2
1529.42	12.15
1528.46	11.8
1527.51	12.1
1526.56	11.7
1525.6	12.15
1524.65	11.8
1523.69	11.95
1522.74	11.8
1521.78	11.45
1520.83	12
1519.87	11.55
1518.91	11.5
1517.96	11.05
1517	12.05
1516.05	12.2
1515.09	11.95
1514.13	11.8
1513.18	11.7
1512.22	12.1
1511.26	11.55
1510.31	11.8
1509.35	11.8
1508.39	11.35
1507.44	11.5
1506.48	11.8
1505.52	11.45
1504.57	11.3
1503.61	11.7
1502.65	11.6
1501.7	11.35
1500.74	11.65
1499.78	11.65
1498.82	11.65
1497.86	11.2
1496.9	11.45
1495.95	11.65
1494.99	11.65
1494.03	11.35
1493.07	12.05
1492.11	11.4
1491.15	11.15
1490.19	11.4
1489.23	11.3
1488.28	11.55
1487.32	11.8
1486.36	11.15
1485.4	11.6
1484.44	11.05
1483.48	11
1482.52	11.05
1481.56	11.15
1480.6	11.25
1479.64	11.2
1478.68	11.05
1477.72	11.65
1476.76	11.35
1475.8	11.55
1474.84	11.3
1473.87	11.1
1472.91	11.15
1471.95	11.5
1470.99	11.2
1470.03	11
1469.07	11.25
1468.11	11.25
1467.15	10.95
1466.18	11.05
1465.22	11.55
1464.26	11.3
1463.3	11.1
1462.34	11.1
1461.37	11.15
1460.41	11.2
1459.45	11
1458.49	11
1457.52	11
1456.56	11.55
1455.6	11.45
1454.63	11.2
1453.67	11.2
1452.71	11
1451.74	10.6
1450.78	11.3
1449.82	11.15
1448.85	10.8
1447.89	11.1
1446.92	11.05
1445.96	10.8
1445	11.2
1444.03	11.45
1443.07	11.35
1442.1	11.2
1441.14	10.9
1440.17	10.9
1439.21	11.25
1438.24	10.3
1437.28	10.65
1436.31	10.35
1435.35	11.25
1434.38	11.35
1433.42	10.9
1432.45	10.6
1431.49	10.95
1430.52	10.7
1429.55	11.15
1428.59	10.75
1427.62	10.6
1426.65	11.45
1425.69	10.35
1424.72	10.65
1423.75	10.55
1422.79	10.55
1421.82	10.95
1420.85	10.9
1419.89	10.7
1418.92	10.65
1417.95	10.9
1416.98	10.4
1416.02	10.7
1415.05	10.75
1414.08	10.7
1413.11	11.05
1412.15	10.65
1411.18	11.35
1410.21	10.95
1409.24	10.45
1408.27	10.75
1407.3	10.65
1406.33	10.95
1405.37	10.5
1404.4	11.2
1403.43	11.15
1402.46	10.45
1401.49	10.6
1400.52	10.3
1399.55	10.85
1398.58	10.55
1397.61	10.35
1396.64	10.4
1395.67	10.9
1394.7	10.75
1393.73	10.85
1392.76	10.45
1391.79	10.6
1390.82	10.05
1389.85	10.55
1388.88	10.1
1387.91	10.3
1386.93	10.2
1385.96	10.6
1384.99	10.4
1384.02	10.5
1383.05	10.8
1382.08	10.35
1381.1	11
1380.13	10.4
1379.16	10.85
1378.19	10.45
1377.22	10.2
1376.24	10.15
1375.27	10.6
1374.3	10.8
1373.33	10.3
1372.35	10.45
1371.38	10.7
1370.41	10.15
1369.44	10
1368.46	10.15
1367.49	10.65
1366.51	10.5
1365.54	10.5
1364.57	10.3
1363.59	10.55
1362.62	10.1
1361.65	10.3
1360.67	10.6
1359.7	10.25
1358.72	10.65
1357.75	10.5
1356.77	10.1
1355.8	10
1354.82	10.15
1353.85	10.55
1352.87	10.9
1351.9	10.55
1350.92	10.45
1349.95	10.45
1348.97	10
1348	10.25
1347.02	10.45
1346.05	10.15
1345.07	10.35
1344.09	10.2
1343.12	10.5
1342.14	10.4
1341.16	10.35
1340.19	10.1
1339.21	10.2
1338.23	9.9
1337.26	10.75
1336.28	10.1
1335.3	10.5
1334.33	10.3
1333.35	9.8
1332.37	9.85
1331.39	10.05
1330.42	10.05
1329.44	9.75
1328.46	9.95
1327.48	10.1
1326.5	10.25
1325.52	9.55
1324.55	9.7
1323.57	10.5
1322.59	10
1321.61	10.15
1320.63	10.25
1319.65	10.05
1318.67	10.35
1317.69	10.2
1316.71	10.25
1315.74	10.1
1314.76	10.35
1313.78	9.95
1312.8	10.1
1311.82	9.85
1310.84	10.2
1309.86	10.15
1308.88	10.4
1307.9	9.85
1306.92	10.15
1305.93	10.3
1304.95	9.65
1303.97	10.8
1302.99	9.95
1302.01	9.7
1301.03	10.15
1300.05	9.95
1299.07	9.55
1298.08	9.95
1297.1	10.1
1296.12	10.1
1295.14	9.8
1294.16	9.5
1293.17	9.7
1292.19	9.7
1291.21	9.45
1290.23	9.95
1289.25	9.85
1288.26	9.85
1287.28	10.25
1286.3	9.85
1285.31	10.05
1284.33	10.1
1283.35	9.85
1282.36	9.75
1281.38	9.5
1280.4	9.9
1279.41	10.3
1278.43	9.95
1277.45	9.95
1276.46	9.9
1275.48	9.8
1274.49	10
1273.51	9.45
1272.52	10.05
1271.54	9.4
1270.55	9.55
1269.57	9.4
1268.58	10
1267.6	9.6
1266.61	9.8
1265.63	9.85
1264.64	9.95
1263.66	9.7
1262.67	9
1261.69	9.5
1260.7	9.5
1259.71	9.7
1258.73	10.2
1257.74	10.2
1256.75	9.55
1255.77	10.1
1254.78	10.05
1253.79	9.65
1252.81	9.6
1251.82	9.8
1250.83	9.85
1249.84	10.1
1248.86	9.85
1247.87	9.8
1246.88	9.7
1245.89	10.25
1244.91	9.05
1243.92	9.8
1242.93	9.95
1241.94	9.9
1240.96	9.95
1239.97	9.85
1238.98	10.1
1237.99	9.9
1237	9.65
1236.01	9.9
1235.02	10.2
1234.03	9.7
1233.04	9.6
1232.05	9.8
1231.07	10
1230.07	9.75
1229.09	9.9
1228.1	9.3
1227.1	10.05
1226.12	9.95
1225.12	9.45
1224.14	9.6
1223.14	10.1
1222.15	10
1221.16	9.45
1220.17	9.45
1219.18	9.55
1218.19	9.7
1217.2	9.85
1216.21	9.75
1215.22	9.95
1214.22	9.7
1213.23	9.9
1212.24	9.95
1211.25	9.5
1210.26	10.5
1209.27	9.8
1208.27	9.8
1207.28	9.7
1206.29	10
1205.3	9.5
1204.3	9.5
1203.31	9.8
1202.32	9.8
1201.33	9.7
1200.33	9.8
1199.34	9.6
1198.35	9.45
1197.35	10.1
1196.36	10.1
1195.36	10.3
1194.37	9.9
1193.38	9.7
1192.38	9.45
1191.39	10.05
1190.39	9.6
1189.4	9.4
1188.41	10
1187.41	9.65
1186.41	9.1
1185.42	10
1184.43	9.5
1183.43	9.45
1182.43	9.8
1181.44	10.05
1180.44	9.55
1179.45	9.7
1178.45	9.6
1177.46	9.85
1176.46	9.3
1175.46	9.5
1174.47	9.65
1173.47	9.25
1172.48	9.7
1171.48	9.4
1170.48	9.3
1169.49	9.5
1168.49	8.9
1167.49	9.7
1166.49	9.35
1165.5	9.6
1164.5	9.7
1163.5	9.45
1162.5	8.9
1161.51	9.3
1160.51	9.5
1159.51	9.2
1158.51	9.3
1157.51	9.15
1156.52	9.8
1155.52	9.4
1154.52	9.25
1153.52	9.55
1152.52	9.25
1151.52	9.15
1150.52	9.3
1149.52	9.2
1148.52	8.9
1147.53	9.5
1146.53	9.25
1145.53	9.6
1144.53	8.65
1143.53	9.3
1142.53	9.35
1141.53	9.85
1140.53	9.3
1139.53	9.9
1138.53	9.75
1137.52	9.35
1136.52	9.25
1135.52	9.15
1134.52	9.3
1133.52	9.4
1132.52	9.15
1131.52	9.55
1130.52	9.55
1129.52	9.45
1128.51	9.35
1127.51	9.5
1126.51	9.75
1125.51	9.65
1124.5	9.4
1123.5	9.3
1122.5	9
1121.5	9.3
1120.5	9.05
1119.49	9.35
1118.49	9.4
1117.49	9.45
1116.48	8.9
1115.48	9.15
1114.48	9.25
1113.47	9.3
1112.47	9.45
1111.47	9.4
1110.46	9.75
1109.46	9.15
1108.45	9.5
1107.45	9.3
1106.44	9.25
1105.44	9.35
1104.44	9.45
1103.43	9.45
1102.43	9.1
1101.42	9.45
1100.42	9.25
1099.41	9.3
1098.41	8.85
1097.4	9.25
1096.39	9.5
1095.39	8.95
1094.38	9.25
1093.38	9.4
1092.37	9.3
1091.37	8.75
1090.36	9.2
1089.35	9
1088.35	9
1087.34	9.1
