function [] = processRamanGatingData()

dataPoint8 = [
1660.49	70.85
1659.55	69.75
1658.61	71.2
1657.67	70.65
1656.73	70.05
1655.79	70.1
1654.85	69.9
1653.91	71.55
1652.97	70.6
1652.03	71.05
1651.09	70
1650.15	72.25
1649.21	70.45
1648.27	70.7
1647.33	69.85
1646.39	68.85
1645.45	69.8
1644.51	70.65
1643.57	71.15
1642.63	70.55
1641.69	70.6
1640.75	69.95
1639.8	71.7
1638.86	69.9
1637.92	70.35
1636.98	70.4
1636.04	70.15
1635.1	69.95
1634.15	70.5
1633.21	70.95
1632.27	70.85
1631.33	70.6
1630.38	70.4
1629.44	71.45
1628.5	70.45
1627.55	71.6
1626.61	70.75
1625.67	71.05
1624.73	70.8
1623.78	70.7
1622.84	71.35
1621.9	70.85
1620.95	71.2
1620.01	71.4
1619.07	69.7
1618.12	71.35
1617.18	71.05
1616.23	70.9
1615.29	72.15
1614.34	70.8
1613.4	71
1612.46	72.15
1611.51	72.65
1610.57	70.25
1609.62	71.5
1608.68	72.35
1607.73	72.55
1606.78	71.9
1605.84	70.85
1604.9	73.55
1603.95	71.95
1603	71.25
1602.06	71.8
1601.11	71.4
1600.17	72.2
1599.22	71.25
1598.27	73.05
1597.33	71.35
1596.38	71.35
1595.43	72.35
1594.49	71.9
1593.54	72.95
1592.59	71.6
1591.65	72.3
1590.7	71.85
1589.75	72
1588.81	71.65
1587.86	71.35
1586.91	73.5
1585.96	71.65
1585.01	71.7
1584.07	72.9
1583.12	71.45
1582.17	72.45
1581.22	72.15
1580.27	73
1579.33	72.55
1578.38	71.2
1577.43	73.45
1576.48	72.95
1575.53	71.85
1574.58	72.35
1573.63	73.1
1572.68	72.7
1571.73	72.3
1570.78	72.25
1569.83	72.45
1568.89	71.45
1567.94	72.3
1566.99	72.55
1566.04	72
1565.08	71.6
1564.14	73.25
1563.18	72.75
1562.23	72.55
1561.28	73.1
1560.33	72.2
1559.38	72.3
1558.43	72.15
1557.48	72.1
1556.53	72.8
1555.58	72.25
1554.63	73.35
1553.68	72.55
1552.72	73.1
1551.77	72.5
1550.82	72.3
1549.87	72.2
1548.92	72.3
1547.96	72.45
1547.01	71.45
1546.06	72.65
1545.11	72.3
1544.15	71.8
1543.2	71.3
1542.25	72.35
1541.3	71.15
1540.34	71.7
1539.39	72.4
1538.44	70.75
1537.48	71
1536.53	70.85
1535.58	70.85
1534.62	71.75
1533.67	71.7
1532.72	71.75
1531.76	71.15
1530.81	72.05
1529.85	71.45
1528.9	70.2
1527.94	71.4
1526.99	70.4
1526.03	69.95
1525.08	71.35
1524.13	72.1
1523.17	70.65
1522.22	69.95
1521.26	70.15
1520.3	70.15
1519.35	71.9
1518.39	71.35
1517.44	70.15
1516.48	71.4
1515.53	70.95
1514.57	71.3
1513.61	70.55
1512.66	70.6
1511.7	71.55
1510.75	70.5
1509.79	70.25
1508.83	69.9
1507.87	71.35
1506.92	70.6
1505.96	70.65
1505	71.95
1504.05	71.3
1503.09	72.15
1502.13	71.7
1501.17	72.7
1500.22	72.65
1499.26	72.6
1498.3	72.4
1497.34	73.15
1496.39	75
1495.43	74.1
1494.47	74.45
1493.51	75.35
1492.55	75.5
1491.59	75.7
1490.63	75.75
1489.68	77.05
1488.72	76.3
1487.76	77.9
1486.8	78.5
1485.84	79.85
1484.88	79.15
1483.92	79.95
1482.96	80.9
1482	81.3
1481.04	81.55
1480.08	83.3
1479.12	82.95
1478.16	83.5
1477.2	84.5
1476.24	84.05
1475.28	84.45
1474.32	86.4
1473.36	85.85
1472.39	88.75
1471.43	89.45
1470.47	90
1469.51	91.2
1468.55	92.2
1467.59	92.3
1466.63	93.95
1465.67	93.65
1464.7	94
1463.74	95.8
1462.78	97.4
1461.82	95.5
1460.85	98.2
1459.89	99.6
1458.93	101.2
1457.97	100.1
1457	101.45
1456.04	101.45
1455.08	100.35
1454.11	100.3
1453.15	100.25
1452.19	99.55
1451.23	98.25
1450.26	97.7
1449.3	97.3
1448.33	95.45
1447.37	92.35
1446.41	92.9
1445.44	89.15
1444.48	88.1
1443.51	85.7
1442.55	85.65
1441.59	82.45
1440.62	82.8
1439.66	80.25
1438.69	78.9
1437.72	78.45
1436.76	78.85
1435.79	77.45
1434.83	77.25
1433.86	75.1
1432.9	75.55
1431.93	75.4
1430.97	74.4
1430	75.25
1429.03	74.4
1428.07	74.15
1427.1	75.05
1426.14	73.6
1425.17	74.75
1424.2	73.3
1423.24	73.15
1422.27	73.4
1421.3	72.35
1420.34	72.9
1419.37	72.5
1418.4	72.55
1417.43	73.15
1416.47	72.7
1415.5	72.4
1414.53	72.95
1413.56	73.7
1412.6	73.2
1411.63	72.5
1410.66	72.5
1409.69	73.65
1408.72	73.15
1407.75	73
1406.78	73.8
1405.82	73.7
1404.85	73.75
1403.88	73.85
1402.91	74.45
1401.94	74.8
1400.97	72.55
1400	73.8
1399.03	73.1
1398.06	73.3
1397.09	73.85
1396.12	72.6
1395.15	73
1394.18	72.25
1393.21	71.85
1392.24	71.85
1391.27	71.95
1390.3	70.8
1389.33	71.6
1388.36	72.1
1387.39	71.9
1386.42	71.5
1385.45	71.95
1384.47	72.45
1383.5	71.5
1382.53	72.45
1381.56	71.9
1380.59	70.75
1379.61	72.25
1378.64	71.65
1377.67	71.3
1376.7	71.7
1375.73	72.9
1374.75	71.35
1373.78	71.9
1372.81	72.35
1371.84	73.2
1370.86	72.1
1369.89	72.25
1368.92	72.5
1367.95	73.05
1366.97	72.75
1366	72.8
1365.02	73.25
1364.05	74.6
1363.08	75.25
1362.1	75.5
1361.13	75.85
1360.15	76.15
1359.18	77.5
1358.2	77.3
1357.23	78.1
1356.26	77.4
1355.28	79.55
1354.31	79.15
1353.33	78.9
1352.36	78
1351.38	79.3
1350.41	79.3
1349.43	79.05
1348.46	79.15
1347.48	78
1346.5	78.55
1345.53	77.95
1344.55	77.7
1343.58	76.15
1342.6	77.1
1341.62	77.7
1340.65	77.75
1339.67	79.2
1338.69	80.15
1337.72	80.05
1336.74	81.25
1335.76	80.45
1334.79	81.7
1333.81	82.7
1332.83	83.45
1331.85	83.1
1330.88	83.35
1329.9	82.45
1328.92	81.9
1327.94	80.6
1326.97	79.85
1325.99	79.7
1325.01	79.35
1324.03	79
1323.05	78.5
1322.07	77.95
1321.09	76.8
1320.11	76.45
1319.14	76.65
1318.16	77
1317.18	74.7
1316.2	75.7
1315.22	74.7
1314.24	74.1
1313.26	73.3
1312.28	74.1
1311.3	73.65
1310.32	73.2
1309.34	74.6
1308.36	73.05
1307.38	73.75
1306.4	72.15
1305.42	73.95
1304.44	73.15
1303.46	72.6
1302.48	72.75
1301.49	72.05
1300.51	72.75
1299.53	71.65
1298.55	70.9
1297.57	71.15
1296.59	70.8
1295.6	70.05
1294.62	70.6
1293.64	69.6
1292.66	70.8
1291.68	69.65
1290.69	69.95
1289.71	66.9
1288.73	69.35
1287.75	67.75
1286.76	67.7
1285.78	67.3
1284.8	68.05
1283.81	67.6
1282.83	68.1
1281.85	67.9
1280.86	68.65
1279.88	67.8
1278.9	67.85
1277.91	67.65
1276.93	67.7
1275.94	66.7
1274.96	67.25
1273.98	67.45
1272.99	67.3
1272.01	67.3
1271.02	68.2
1270.04	69
1269.05	68.55
1268.07	69.3
1267.08	69.35
1266.1	69.35
1265.11	69.9
1264.13	70.25
1263.14	71.65
1262.15	70.25
1261.17	71.7
1260.18	71.35
1259.2	72.55
1258.21	72.05
1257.22	72.45
1256.24	71.15
1255.25	71.6
1254.26	71.15
1253.28	73.5
1252.29	74
1251.3	75.25
1250.32	77.9
1249.33	81.85
1248.34	88.35
1247.35	94.6
1246.37	102.55
1245.38	113.6
1244.39	122.6
1243.4	126.75
1242.41	128.4
1241.43	123.95
1240.44	119.7
1239.45	111.5
1238.46	104.6
1237.47	96.7
1236.48	91
1235.5	86.5
1234.51	84.2
1233.52	79.6
1232.53	77.9
1231.54	76.2
1230.55	75.6
1229.56	75.1
1228.57	74.1
1227.58	74.65
1226.59	72.2
1225.6	73.45
1224.61	73.3
1223.62	72.9
1222.63	72.95
1221.64	73.35
1220.65	73.15
1219.66	73.15
1218.67	73
1217.68	72.5
1216.68	72.9
1215.69	71.8
1214.7	72.9
1213.71	72.35
1212.72	74.25
1211.73	72.4
1210.74	72.6
1209.74	72.6
1208.75	72.15
1207.76	72.85
1206.77	72.75
1205.77	73.05
1204.78	73.15
1203.79	73.85
1202.8	72.8
1201.8	71.95
1200.81	71.95
1199.82	72.8
1198.82	72.6
1197.83	73
1196.84	72.7
1195.84	72.3
1194.85	72.55
1193.86	72.4
1192.86	72.1
1191.87	72.25
1190.87	71.9
1189.88	71.4
1188.88	73.3
1187.89	70.85
1186.9	71.6
1185.9	72.4
1184.91	70.9
1183.91	71.1
1182.91	70.35
1181.92	70.45
1180.93	72
1179.93	73
1178.93	71.6
1177.94	71.65
1176.94	71.3
1175.95	72.3
1174.95	71.7
1173.95	69.95
1172.96	71.05
1171.96	70.05
1170.97	70.1
1169.97	68.95
1168.97	70.2
1167.97	68.9
1166.98	68.8
1165.98	70.05
1164.98	69.25
1163.98	69
1162.99	69.85
1161.99	70
1160.99	69.4
1159.99	70.8
1159	70.8
1158	70.05
1157	69.3
1156	70.55
1155	71.05
1154.01	71.45
1153.01	70.8
1152.01	71.9
1151.01	73.4
1150.01	75.95
1149.01	77.75
1148.01	80
1147.01	81.35
1146.01	82.25
1145.01	85.55
1144.01	87.3
1143.01	88.95
1142.01	90.9
1141.01	93.35
1140.01	94.85
1139.01	95.9
1138.01	96.65
1137.01	96.85
1136.01	96.6
1135.01	94.75
1134.01	93.85
1133.01	92.2
1132	87.9
1131	86.5
1130	83.25
1129	81.55
1128	78.9
1127	79.1
1125.99	77.1
1124.99	75.7
1123.99	74.95
1122.99	74
1121.99	73.1
1120.98	72.5
1119.98	73.3
1118.98	72.25
1117.98	71.15
1116.97	71.7
1115.97	72.65
1114.97	72.1
1113.96	71.85
1112.96	71
1111.96	72.6
1110.95	70.05
1109.95	69.75
1108.94	69.8
1107.94	71.25
1106.94	72
1105.93	70.95
1104.93	70.4
1103.92	69.6
1102.92	69.3
1101.91	69.05
1100.91	68.05
1099.9	67.75
1098.9	68.05
1097.89	67.35
1096.89	66.95
1095.88	66.15
1094.88	66.3
1093.87	66.55
1092.86	66
1091.86	65.6
1090.85	66.45
1089.85	65.95
1088.84	67
1087.83	66.8
1086.83	66.25
1085.82	67.7
1084.81	68.1
1083.81	68.05
1082.8	68.15
1081.79	68.8
1080.78	68.35
1079.78	68.5
1078.77	68
1077.76	68.1
