function [] = processRamanGatingDataPlusPoint4()

dataBackground = [
1660.49	95
1659.55	95.7
1658.61	97.25
1657.67	94.3
1656.73	95.25
1655.79	94.65
1654.85	96.9
1653.91	95.4
1652.97	95.35
1652.03	97.3
1651.09	95.8
1650.15	96.5
1649.21	95.7
1648.27	95.35
1647.33	96.3
1646.39	96.35
1645.45	96.85
1644.51	96.55
1643.57	96.3
1642.63	96.15
1641.69	97.85
1640.75	96.65
1639.8	96.8
1638.86	97.35
1637.92	97.45
1636.98	96.95
1636.04	96.55
1635.1	97.8
1634.15	98.1
1633.21	97.15
1632.27	98.3
1631.33	97.8
1630.38	96.95
1629.44	98.1
1628.5	97.7
1627.55	97.9
1626.61	100.35
1625.67	100.05
1624.73	99.25
1623.78	100.65
1622.84	100.1
1621.9	102.75
1620.95	99.85
1620.01	101.95
1619.07	101.05
1618.12	101.55
1617.18	101.95
1616.23	100.75
1615.29	101.25
1614.34	102.45
1613.4	101.1
1612.46	102.2
1611.51	101.2
1610.57	101
1609.62	102.1
1608.68	103.25
1607.73	101.8
1606.78	103.25
1605.84	102.2
1604.9	101.65
1603.95	103.65
1603	102.9
1602.06	103.5
1601.11	102.7
1600.17	103.3
1599.22	103.05
1598.27	103.65
1597.33	103.8
1596.38	104.2
1595.43	102.4
1594.49	103.7
1593.54	103.05
1592.59	104.2
1591.65	102.4
1590.7	102.45
1589.75	104
1588.81	103.6
1587.86	104.75
1586.91	105
1585.96	102.75
1585.01	103.45
1584.07	103.1
1583.12	102.7
1582.17	102.2
1581.22	104.6
1580.27	103.9
1579.33	101.85
1578.38	103.9
1577.43	102.45
1576.48	103.45
1575.53	103.05
1574.58	103.6
1573.63	102.35
1572.68	102.55
1571.73	103
1570.78	104.3
1569.83	103.8
1568.89	103.25
1567.94	102.95
1566.99	102.8
1566.04	103.05
1565.08	102.55
1564.14	101.05
1563.18	102.45
1562.23	102.55
1561.28	100.8
1560.33	102.3
1559.38	101.4
1558.43	101.85
1557.48	100.5
1556.53	103.55
1555.58	102.75
1554.63	101
1553.68	100.85
1552.72	101.2
1551.77	102.35
1550.82	101.75
1549.87	101.2
1548.92	100.65
1547.96	100.35
1547.01	100.95
1546.06	100.25
1545.11	100.05
1544.15	100.4
1543.2	101.55
1542.25	99.25
1541.3	101.35
1540.34	99.7
1539.39	99.2
1538.44	100
1537.48	99.9
1536.53	98.95
1535.58	97.9
1534.62	99.3
1533.67	97.65
1532.72	98.7
1531.76	98.9
1530.81	98.75
1529.85	98.4
1528.9	97.55
1527.94	97.35
1526.99	97.55
1526.03	98.05
1525.08	98.2
1524.13	97.45
1523.17	97.75
1522.22	97.6
1521.26	97.35
1520.3	98.6
1519.35	96.55
1518.39	97.3
1517.44	97.95
1516.48	98
1515.53	97.55
1514.57	97.05
1513.61	97.1
1512.66	97.7
1511.7	98.55
1510.75	97.1
1509.79	96.55
1508.83	96.85
1507.87	97.2
1506.92	98.9
1505.96	97.15
1505	97.45
1504.05	97.2
1503.09	98.5
1502.13	98.45
1501.17	99.2
1500.22	100.35
1499.26	100.85
1498.3	100.3
1497.34	100.8
1496.39	101.2
1495.43	101.5
1494.47	103.65
1493.51	103.8
1492.55	104.35
1491.59	105.3
1490.63	107
1489.68	106.9
1488.72	106.85
1487.76	109.2
1486.8	108.05
1485.84	111.3
1484.88	111.15
1483.92	111.15
1482.96	111.9
1482	112.55
1481.04	115.85
1480.08	115.25
1479.12	117.55
1478.16	118.1
1477.2	119.35
1476.24	119.4
1475.28	121.2
1474.32	120.15
1473.36	123.65
1472.39	125.5
1471.43	126.05
1470.47	129.95
1469.51	130.45
1468.55	132.6
1467.59	132.85
1466.63	132.25
1465.67	135.9
1464.7	135.25
1463.74	136.15
1462.78	137.85
1461.82	141.3
1460.85	141.75
1459.89	142.05
1458.93	145.85
1457.97	147.75
1457	148
1456.04	147.1
1455.08	148.65
1454.11	147.05
1453.15	145.6
1452.19	144.9
1451.23	143.5
1450.26	141.9
1449.3	141.2
1448.33	136.4
1447.37	134.95
1446.41	130.7
1445.44	129.35
1444.48	127.4
1443.51	123.4
1442.55	120.6
1441.59	118.6
1440.62	115.6
1439.66	112.85
1438.69	112.15
1437.72	110.8
1436.76	108.6
1435.79	106.5
1434.83	106.15
1433.86	106.25
1432.9	105.5
1431.93	103.25
1430.97	105.45
1430	102.95
1429.03	102.85
1428.07	102.65
1427.1	100.5
1426.14	101.8
1425.17	100.3
1424.2	100
1423.24	99.05
1422.27	99
1421.3	100
1420.34	97.2
1419.37	99.4
1418.4	98.15
1417.43	98.8
1416.47	99.4
1415.5	99.85
1414.53	101
1413.56	99.15
1412.6	101
1411.63	99.8
1410.66	101.3
1409.69	101.4
1408.72	100.85
1407.75	101.35
1406.78	102.05
1405.82	102.7
1404.85	101
1403.88	102.35
1402.91	102.65
1401.94	100.85
1400.97	102.05
1400	102.3
1399.03	101.75
1398.06	101.8
1397.09	101.65
1396.12	99.15
1395.15	100.45
1394.18	99.7
1393.21	99.2
1392.24	98.35
1391.27	98
1390.3	98.65
1389.33	98.15
1388.36	98.25
1387.39	98.2
1386.42	98.2
1385.45	99.2
1384.47	98.85
1383.5	99.8
1382.53	98.45
1381.56	98.45
1380.59	99.8
1379.61	98.25
1378.64	98.5
1377.67	98.7
1376.7	98.8
1375.73	98.8
1374.75	98.15
1373.78	98.25
1372.81	98.1
1371.84	98.45
1370.86	98.4
1369.89	99.05
1368.92	100.1
1367.95	99.15
1366.97	100.65
1366	101.45
1365.02	101.65
1364.05	102.8
1363.08	103.4
1362.1	105.5
1361.13	105.15
1360.15	107.7
1359.18	106.9
1358.2	108.85
1357.23	108.8
1356.26	109.65
1355.28	109.55
1354.31	110.85
1353.33	110.3
1352.36	110.85
1351.38	110.8
1350.41	111.85
1349.43	110.4
1348.46	110.05
1347.48	110.8
1346.5	110.05
1345.53	111
1344.55	109
1343.58	109.4
1342.6	108.5
1341.62	109.25
1340.65	110.55
1339.67	108.8
1338.69	111.25
1337.72	113.2
1336.74	114.35
1335.76	114.4
1334.79	116.15
1333.81	117.45
1332.83	118.45
1331.85	118.3
1330.88	119
1329.9	117.5
1328.92	116.2
1327.94	114.95
1326.97	114.65
1325.99	111.05
1325.01	112.6
1324.03	110.45
1323.05	110.3
1322.07	109
1321.09	108.4
1320.11	106.95
1319.14	106.5
1318.16	105.5
1317.18	105.25
1316.2	103.6
1315.22	103.8
1314.24	103.9
1313.26	101.1
1312.28	103.6
1311.3	101
1310.32	102.1
1309.34	101.4
1308.36	101.65
1307.38	99.5
1306.4	100.55
1305.42	99.05
1304.44	100.75
1303.46	98
1302.48	97.85
1301.49	98.25
1300.51	96.8
1299.53	97.9
1298.55	97.4
1297.57	97.2
1296.59	96.65
1295.6	96.9
1294.62	95.7
1293.64	94.75
1292.66	93.55
1291.68	93.65
1290.69	92.2
1289.71	92.5
1288.73	90.75
1287.75	90.55
1286.76	90.95
1285.78	90.15
1284.8	90.55
1283.81	90
1282.83	89.7
1281.85	89.85
1280.86	90.1
1279.88	89.45
1278.9	90
1277.91	89.15
1276.93	89.55
1275.94	88.6
1274.96	89.2
1273.98	88.2
1272.99	88.65
1272.01	90.5
1271.02	89.55
1270.04	89.9
1269.05	90.05
1268.07	90.15
1267.08	91.75
1266.1	92.55
1265.11	92.15
1264.13	92.75
1263.14	92.7
1262.15	94.05
1261.17	93.65
1260.18	94.65
1259.2	92.75
1258.21	93.85
1257.22	93.9
1256.24	94.9
1255.25	96.05
1254.26	96.55
1253.28	96.55
1252.29	97.9
1251.3	98.9
1250.32	102.15
1249.33	107.2
1248.34	115.15
1247.35	126.3
1246.37	141.25
1245.38	158.9
1244.39	176.3
1243.4	188.95
1242.41	191.7
1241.43	187.95
1240.44	180.3
1239.45	166.05
1238.46	153
1237.47	141.15
1236.48	131.25
1235.5	123.5
1234.51	117
1233.52	111.05
1232.53	107.45
1231.54	104.35
1230.55	102.6
1229.56	102.25
1228.57	101.05
1227.58	97.15
1226.59	97.7
1225.6	96.95
1224.61	97
1223.62	95.25
1222.63	96.75
1221.64	96.75
1220.65	94.9
1219.66	93.75
1218.67	96.2
1217.68	95.3
1216.68	94.75
1215.69	95
1214.7	95.5
1213.71	95.25
1212.72	95.6
1211.73	95.75
1210.74	95.15
1209.74	94.9
1208.75	94.9
1207.76	95.2
1206.77	95.8
1205.77	95.55
1204.78	94.5
1203.79	94.2
1202.8	94.6
1201.8	95.45
1200.81	95.65
1199.82	95.45
1198.82	95.35
1197.83	93.2
1196.84	94.6
1195.84	95.2
1194.85	95.05
1193.86	93.2
1192.86	95.1
1191.87	93.95
1190.87	93.4
1189.88	92.95
1188.88	94.5
1187.89	92.75
1186.9	93.25
1185.9	94.55
1184.91	92.75
1183.91	93.05
1182.91	91.9
1181.92	93.9
1180.93	92.8
1179.93	91.95
1178.93	92.2
1177.94	92.95
1176.94	91.05
1175.95	90.65
1174.95	91.3
1173.95	91.15
1172.96	91.65
1171.96	91.4
1170.97	90.1
1169.97	90.5
1168.97	88.6
1167.97	89.65
1166.98	88.6
1165.98	89.35
1164.98	88.5
1163.98	88.75
1162.99	90.45
1161.99	89.45
1160.99	89.35
1159.99	90.05
1159	90.25
1158	87.85
1157	89
1156	89.65
1155	90.85
1154.01	91.1
1153.01	92.15
1152.01	93.25
1151.01	95.35
1150.01	98.9
1149.01	99.75
1148.01	104.35
1147.01	108.05
1146.01	110.8
1145.01	113.35
1144.01	116.45
1143.01	119.95
1142.01	122
1141.01	125.35
1140.01	128.75
1139.01	132
1138.01	134.8
1137.01	136.15
1136.01	133.85
1135.01	132.15
1134.01	129.7
1133.01	127.85
1132	120.2
1131	118.35
1130	114.05
1129	108.7
1128	105.9
1127	103.85
1125.99	102.4
1124.99	100.25
1123.99	98.15
1122.99	96
1121.99	95.65
1120.98	94.25
1119.98	93.5
1118.98	93.55
1117.98	92.25
1116.97	92.4
1115.97	90
1114.97	90.95
1113.96	91
1112.96	90.15
1111.96	90.45
1110.95	90.3
1109.95	91
1108.94	90.4
1107.94	91.2
1106.94	90.5
1105.93	90.25
1104.93	89.2
1103.92	89.45
1102.92	87.5
1101.91	86.3
1100.91	85.75
